spa frequency: 0.69979 GHz
spa period: 1429 ticks
kernel times (ticks):
start, end, start, end, ..., exit
25115786762, 25263392429, 26500140000

shader CTA times (ticks):
shader, CTA ID, start, end, start, end, ..., exit
0, 0, 25116035408, 25129246513, 25129246513, 25142033205, 25142033205, 25151989048, 25151989048, 25163278148, 25163278148, 25174051379, 25174051379, 25184608831, 25184608831, 25197677036, 25197677036, 25210260810, 25210260810, 25220532462, 25220532462, 25231254249, 25231254249, 25244229569, 25244229569, 25256554694, 25256554694, 25263292429, 26500140000
1, 0, 25116035408, 25128866399, 25128866399, 25141884589, 25141884589, 25151237394, 25151237394, 25162134948, 25162134948, 25172856735, 25172856735, 25183551371, 25183551371, 25196832497, 25196832497, 25210115052, 25210115052, 25220343834, 25220343834, 25230756957, 25230756957, 25242744838, 25242744838, 25255005658, 25255005658, 25262204960, 26500140000
2, 0, 25116035408, 25128922130, 25128922130, 25141501617, 25141501617, 25151178805, 25151178805, 25161424735, 25161424735, 25172002193, 25172002193, 25182625379, 25182625379, 25196110852, 25196110852, 25210160780, 25210160780, 25220348121, 25220348121, 25230955588, 25230955588, 25243706555, 25243706555, 25256647579, 26500140000
3, 0, 25116035408, 25128866399, 25128866399, 25141484469, 25141484469, 25151483182, 25151483182, 25161889160, 25161889160, 25172579509, 25172579509, 25182671107, 25182671107, 25195193434, 25195193434, 25208454554, 25208454554, 25219416413, 25219416413, 25229855258, 25229855258, 25241531617, 25241531617, 25250022735, 25250022735, 25259789950, 26500140000

total kernel time (ticks) = 147605667

