spa frequency: 0.69979 GHz
spa period: 1429 ticks
kernel times (ticks):
start, end, start, end, ..., exit
21645584585, 21740494448, 22165510516, 22265549060, 44107242500

shader CTA times (ticks):
shader, CTA ID, start, end, start, end, ..., exit
0, 0, 21645833231, 21656083448, 21656083448, 21662705434, 21662705434, 21670059068, 21670059068, 21678155782, 21678155782, 21686695486, 21686695486, 21695352368, 21695352368, 21703088974, 21703088974, 21712277444, 21712277444, 21720212681, 21720212681, 21729112493, 21729112493, 21737193488, 22165759162, 22173667248, 22173667248, 22179244635, 22179244635, 22182312698, 22182312698, 22189324801, 22189324801, 22196288318, 22196288318, 22203484762, 22203484762, 22210716931, 22210716931, 22218767917, 22218767917, 22226954658, 22226954658, 22235011360, 22235011360, 22244279854, 22244279854, 22253601221, 22253601221, 22263369865, 44107242500
0, 1, 21645834660, 21656253499, 21656253499, 21663084119, 21663084119, 21671313730, 21671313730, 21679514761, 21679514761, 21688183075, 21688183075, 21696185475, 21696185475, 21704936671, 21704936671, 21712934784, 21712934784, 21721723134, 21721723134, 21729872721, 21729872721, 21738431002, 22165760591, 22173884456, 22173884456, 22179303224, 22179303224, 22182634223, 22182634223, 22189664903, 22189664903, 22196432647, 22196432647, 22203802000, 22203802000, 22212413154, 22212413154, 22220659913, 22220659913, 22228347933, 22228347933, 22235920204, 22235920204, 22244880034, 22244880034, 22253811284, 22253811284, 22263504191, 44107242500
0, 2, 21645836089, 21656700776, 21656700776, 21664190165, 21664190165, 21672181133, 21672181133, 21681353884, 21681353884, 21689789271, 21689789271, 21697517303, 21697517303, 21706255638, 21706255638, 21714598140, 21714598140, 21723505097, 21723505097, 21732194846, 21732194846, 21739572773, 22165762020, 22174194549, 22174194549, 22181130915, 22181130915, 22187379932, 22187379932, 22192351423, 22192351423, 22198523274, 22198523274, 22204838025, 22204838025, 22213034769, 22213034769, 22222227526, 22222227526, 22229322511, 22229322511, 22236700438, 22236700438, 22245191556, 22245191556, 22254065646, 22254065646, 22263651378, 44107242500
0, 3, 21645837518, 21657626768, 21657626768, 21666366532, 21666366532, 21674251754, 21674251754, 21682308456, 21682308456, 21690538067, 21690538067, 21699749401, 21699749401, 21708339120, 21708339120, 21716381532, 21716381532, 21725062707, 21725062707, 21732917920, 21732917920, 21740383016, 22165763449, 22174447482, 22174447482, 22181352410, 22181352410, 22188353081, 22188353081, 22194737853, 22194737853, 22202981754, 22202981754, 22210208207, 22210208207, 22217774762, 22217774762, 22226554538, 22226554538, 22234201117, 22234201117, 22243452463, 22243452463, 22252875289, 22252875289, 22262852567, 44107242500
0, 4, 21645838947, 21657945435, 21657945435, 21666503716, 21666503716, 21675577866, 21675577866, 21683573121, 21683573121, 21692177130, 21692177130, 21699893730, 21699893730, 21708926439, 21708926439, 21717947716, 21717947716, 21725637165, 21725637165, 21734472672, 22165764878, 22174670406, 22174670406, 22181845415, 22181845415, 22188751772, 22188751772, 22195243719, 22195243719, 22203246119, 22203246119, 22210426844, 22210426844, 22218640736, 22218640736, 22226776033, 22226776033, 22234932765, 22234932765, 22244055501, 22244055501, 22253189669, 22253189669, 22262986893, 44107242500
0, 5, 21645840376, 21659383009, 21659383009, 21668101338, 21668101338, 21676435266, 21676435266, 21685616591, 21685616591, 21693780468, 21693780468, 21702684567, 21702684567, 21710705544, 21710705544, 21718503597, 21718503597, 21728132199, 21728132199, 21735933110, 44107242500
1, 0, 21645833231, 21655706192, 21655706192, 21662583969, 21662583969, 21670181962, 21670181962, 21677738514, 21677738514, 21686706918, 21686706918, 21694729324, 21694729324, 21702731724, 21702731724, 21711585808, 21711585808, 21720477046, 21720477046, 21727809245, 21727809245, 21736480417, 22165759162, 22173914465, 22173914465, 22180895130, 22180895130, 22186483949, 22186483949, 22190839541, 22190839541, 22197771620, 22197771620, 22204819448, 22204819448, 22213139086, 22213139086, 22222240387, 22222240387, 22229511139, 22229511139, 22236903356, 22236903356, 22245152973, 22245152973, 22253255403, 22253255403, 22263036908, 44107242500
1, 1, 21645834660, 21656046294, 21656046294, 21662999808, 21662999808, 21671619536, 21671619536, 21680030630, 21680030630, 21688038746, 21688038746, 21696494139, 21696494139, 21704695170, 21704695170, 21712887627, 21712887627, 21721202978, 21721202978, 21729828422, 21729828422, 21737813674, 22165760591, 22173981628, 22173981628, 22181043746, 22181043746, 22186785468, 22186785468, 22192159937, 22192159937, 22198351794, 22198351794, 22204925194, 22204925194, 22213247690, 22213247690, 22223465040, 22223465040, 22232247674, 22232247674, 22240054301, 22240054301, 22248768343, 22248768343, 22254402890, 22254402890, 22263357004, 44107242500
1, 2, 21645836089, 21657196639, 21657196639, 21664983260, 21664983260, 21673258599, 21673258599, 21680822296, 21680822296, 21689137647, 21689137647, 21697325817, 21697325817, 21706032714, 21706032714, 21714668161, 21714668161, 21722804887, 21722804887, 21731763288, 21731763288, 21739121209, 22165762020, 22174238848, 22174238848, 22181536751, 22181536751, 22188433105, 22188433105, 22194795013, 22194795013, 22202978896, 22202978896, 22207704599, 22207704599, 22214596666, 22214596666, 22224020921, 22224020921, 22232534903, 22232534903, 22241201788, 22241201788, 22249051285, 22249051285, 22256496375, 22256496375, 22263968616, 44107242500
1, 3, 21645837518, 21657652490, 21657652490, 21665251912, 21665251912, 21673888788, 21673888788, 21682172701, 21682172701, 21690996776, 21690996776, 21698960593, 21698960593, 21707005863, 21707005863, 21715366942, 21715366942, 21723888069, 21723888069, 21732253435, 21732253435, 21739435589, 22165763449, 22174483207, 22174483207, 22181825409, 22181825409, 22188643168, 22188643168, 22194903617, 22194903617, 22203124654, 22203124654, 22210225355, 22210225355, 22217841925, 22217841925, 22226583118, 22226583118, 22234035353, 22234035353, 22242460737, 22242460737, 22252826703, 22252826703, 22261535029, 22261535029, 22265170405, 44107242500
1, 4, 21645838947, 21658126918, 21658126918, 21666923842, 21666923842, 21675313501, 21675313501, 21684171872, 21684171872, 21692370045, 21692370045, 21700501055, 21700501055, 21709247964, 21709247964, 21716944558, 21716944558, 21726135886, 21726135886, 21734229742, 22165764878, 22174834741, 22174834741, 22182085487, 22182085487, 22189151892, 22189151892, 22195901059, 22195901059, 22203537635, 22203537635, 22212074481, 22212074481, 22220492720, 22220492720, 22228012118, 22228012118, 22235572957, 22235572957, 22244402748, 22244402748, 22253135367, 22253135367, 22262901153, 44107242500
1, 5, 21645840376, 21659044336, 21659044336, 21668074187, 21668074187, 21677356971, 21677356971, 21685202181, 21685202181, 21693338907, 21693338907, 21702361613, 21702361613, 21709906733, 21709906733, 21718856560, 21718856560, 21727337675, 21727337675, 21735274341, 44107242500
2, 0, 21645833231, 21655879101, 21655879101, 21662666851, 21662666851, 21669951893, 21669951893, 21678664506, 21678664506, 21686945561, 21686945561, 21695802503, 21695802503, 21703574834, 21703574834, 21711761575, 21711761575, 21720342720, 21720342720, 21728229371, 21728229371, 21736879108, 22165759162, 22173592940, 22173592940, 22179587595, 22179587595, 22182799987, 22182799987, 22189767791, 22189767791, 22196904217, 22196904217, 22203893456, 22203893456, 22213106219, 22213106219, 22222368997, 22222368997, 22231043027, 22231043027, 22238145157, 22238145157, 22246534816, 22246534816, 22253666955, 22253666955, 22262623927, 22262623927, 22265449060, 44107242500
2, 1, 21645834660, 21656379251, 21656379251, 21663171288, 21663171288, 21671679554, 21671679554, 21680056352, 21680056352, 21688398854, 21688398854, 21696396967, 21696396967, 21705092432, 21705092432, 21713377774, 21713377774, 21721545938, 21721545938, 21730312853, 21730312853, 21738941155, 22165760591, 22173894459, 22173894459, 22180510729, 22180510729, 22184033214, 22184033214, 22189897830, 22189897830, 22197034256, 22197034256, 22204006347, 22204006347, 22213236258, 22213236258, 22223417883, 22223417883, 22232210520, 22232210520, 22239927120, 22239927120, 22248682603, 22248682603, 22254560080, 22254560080, 22263910027, 44107242500
2, 2, 21645836089, 21656640758, 21656640758, 21664946106, 21664946106, 21673192865, 21673192865, 21681713992, 21681713992, 21690342294, 21690342294, 21698066039, 21698066039, 21706902975, 21706902975, 21715189746, 21715189746, 21723363626, 21723363626, 21731444621, 21731444621, 21739667087, 22165762020, 22174117383, 22174117383, 22181133773, 22181133773, 22188161595, 22188161595, 22193014479, 22193014479, 22199092016, 22199092016, 22205401051, 22205401051, 22214083655, 22214083655, 22223839438, 22223839438, 22232599208, 22232599208, 22241927720, 22241927720, 22252540903, 22252540903, 22260750508, 22260750508, 22264966058, 44107242500
2, 3, 21645837518, 21657579611, 21657579611, 21665084719, 21665084719, 21673811622, 21673811622, 21682184133, 21682184133, 21690622378, 21690622378, 21699996618, 21699996618, 21708110480, 21708110480, 21715299779, 21715299779, 21724695454, 21724695454, 21732806458, 21732806458, 21739924307, 22165763449, 22174477491, 22174477491, 22181433863, 22181433863, 22187469959, 22187469959, 22192887298, 22192887298, 22198977696, 22198977696, 22205149547, 22205149547, 22213967906, 22213967906, 22223580789, 22223580789, 22232397719, 22232397719, 22241157489, 22241157489, 22248984122, 22248984122, 22256193427, 22256193427, 22264074362, 44107242500
2, 4, 21645838947, 21658119773, 21658119773, 21667289666, 21667289666, 21675373519, 21675373519, 21684210455, 21684210455, 21692237148, 21692237148, 21700079500, 21700079500, 21708276244, 21708276244, 21717489007, 21717489007, 21726184472, 21726184472, 21734839925, 22165764878, 22174860463, 22174860463, 22181964022, 22181964022, 22188913249, 22188913249, 22195700999, 22195700999, 22202603069, 22202603069, 22208181885, 22208181885, 22214805300, 22214805300, 22224346733, 22224346733, 22233037911, 22233037911, 22242036324, 22242036324, 22252635217, 22252635217, 22260900553, 22260900553, 22265100384, 44107242500
2, 5, 21645840376, 21659054339, 21659054339, 21668322833, 21668322833, 21677055452, 21677055452, 21685289350, 21685289350, 21694229174, 21694229174, 21702101535, 21702101535, 21710957048, 21710957048, 21718975167, 21718975167, 21727902130, 21727902130, 21736347520, 44107242500
3, 0, 21645833231, 21655946264, 21655946264, 21661850892, 21661850892, 21670149095, 21670149095, 21678638784, 21678638784, 21686971283, 21686971283, 21694427805, 21694427805, 21702964651, 21702964651, 21712174556, 21712174556, 21720085500, 21720085500, 21728528032, 21728528032, 21736387532, 22165759162, 22173617233, 22173617233, 22176778181, 22176778181, 22182326988, 22182326988, 22189550583, 22189550583, 22196579834, 22196579834, 22203661958, 22203661958, 22212761830, 22212761830, 22222461882, 22222461882, 22231358836, 22231358836, 22239476985, 22239476985, 22246847767, 22246847767, 22254414322, 22254414322, 22263542774, 44107242500
3, 1, 21645834660, 21656303514, 21656303514, 21663358487, 21663358487, 21671425192, 21671425192, 21679737685, 21679737685, 21687421418, 21687421418, 21696202623, 21696202623, 21704682309, 21704682309, 21712937642, 21712937642, 21721806016, 21721806016, 21730444321, 21730444321, 21738079468, 22165760591, 22174044504, 22174044504, 22181096619, 22181096619, 22186531106, 22186531106, 22190890985, 22190890985, 22197793055, 22197793055, 22204832309, 22204832309, 22213166237, 22213166237, 22222674803, 22222674803, 22231598908, 22231598908, 22239591305, 22239591305, 22247020676, 22247020676, 22254518639, 22254518639, 22263717112, 44107242500
3, 2, 21645836089, 21656852250, 21656852250, 21663870069, 21663870069, 21671972499, 21671972499, 21681079516, 21681079516, 21689016182, 21689016182, 21697858834, 21697858834, 21706964422, 21706964422, 21714933955, 21714933955, 21723173569, 21723173569, 21731391748, 21731391748, 21738955445, 22165762020, 22174153108, 22174153108, 22181346694, 22181346694, 22188301637, 22188301637, 22194343449, 22194343449, 22202745969, 22202745969, 22208503410, 22208503410, 22216877350, 22216877350, 22225359894, 22225359894, 22234021063, 22234021063, 22242465024, 22242465024, 22252765256, 22252765256, 22261356404, 22261356404, 22265040366, 44107242500
3, 3, 21645837518, 21657373835, 21657373835, 21665421963, 21665421963, 21673587269, 21673587269, 21681816880, 21681816880, 21690740985, 21690740985, 21699130644, 21699130644, 21708380561, 21708380561, 21715528419, 21715528419, 21724198162, 21724198162, 21732460640, 21732460640, 21739801413, 22165763449, 22174451769, 22174451769, 22181753959, 22181753959, 22188857518, 22188857518, 22195389477, 22195389477, 22202874579, 22202874579, 22208677748, 22208677748, 22216980238, 22216980238, 22225445634, 22225445634, 22234133954, 22234133954, 22243149515, 22243149515, 22252911014, 22252911014, 22262733960, 44107242500
3, 4, 21645838947, 21657782529, 21657782529, 21667092464, 21667092464, 21675290637, 21675290637, 21683920368, 21683920368, 21692009937, 21692009937, 21700599656, 21700599656, 21708806403, 21708806403, 21717340391, 21717340391, 21725368513, 21725368513, 21734348349, 22165764878, 22174790442, 22174790442, 22182021182, 22182021182, 22189329088, 22189329088, 22196471230, 22196471230, 22203544780, 22203544780, 22212433160, 22212433160, 22222354707, 22222354707, 22231015876, 22231015876, 22238130867, 22238130867, 22246446218, 22246446218, 22253684103, 22253684103, 22263055485, 44107242500
3, 5, 21645840376, 21658534183, 21658534183, 21668668651, 21668668651, 21677021156, 21677021156, 21685688041, 21685688041, 21694190591, 21694190591, 21702208710, 21702208710, 21710058207, 21710058207, 21718452153, 21718452153, 21728139344, 21728139344, 21735838796, 44107242500

total kernel time (ticks) = 194948407

