spa frequency: 0.69979 GHz
spa period: 1429 ticks
kernel times (ticks):
start, end, start, end, ..., exit
7796758326, 7812607335, 7812608794, 7826891619, 7826893078, 7841188764, 7841778971, 7855983201, 7857547986, 7871942273, 7872884014, 7888748742, 7888985986, 7904802128, 7904803587, 7921447120, 7921448579, 7937777732, 7937779191, 7957489358, 7957490817, 7974960312, 7974961771, 7997082661, 7997084120, 8015932600, 8015934059, 8039904075, 8039905534, 8060730321, 8060731780, 8086931036, 8086932495, 8108824745, 8108826204, 8137178963, 8137180422, 8160155854, 8160157313, 8191223743, 8191225202, 8215039457, 8215040916, 8247965046, 8247966505, 8273339799, 8273341258, 8309239137, 8309240596, 8335541311, 8335542770, 8373198319, 8373199778, 8400239286, 8400240745, 8439971202, 8439972661, 8468079632, 8468081091, 8509664961, 8509666420, 8539093787, 8539095246, 8583187011, 8583188470, 8614572138, 8614573597, 8656271787, 8656273246, 8684508827, 8684510286, 8724577987, 8724579446, 8751576084, 8751577543, 8789398856, 8789400315, 8815983972, 8815985431, 8851330287, 8851331746, 8876283485, 8876284944, 8910828131, 8910829590, 8935045394, 8935046853, 8966874940, 8966876399, 8990031885, 8990033344, 9019284944, 9019286403, 9041117206, 9041118665, 9067878089, 9067879548, 9088971558, 9088973017, 9113510346, 9113511805, 9132863293, 9132864752, 9155597254, 9155598713, 9173829865, 9173831324, 9194283142, 9194284601, 9210923847, 9210925306, 9228846365, 9228847824, 9244452474, 9244453933, 9260372963, 9260374422, 9274824440, 9274825899, 9289527421, 9289528880, 9301836827, 9301838286, 9315342306, 9315343765, 9327874636, 10396714000

shader CTA times (ticks):
shader, CTA ID, start, end, start, end, ..., exit
0, 0, 7827020259, 7840791532, 7842027617, 7855253012, 7857796632, 7870328962, 7873132660, 7888385806, 7889234632, 7904593524, 7904805016, 7920715502, 7921450008, 7937018963, 7937780620, 7955675987, 7957492246, 7972748250, 7974963200, 7992475595, 7997085549, 8013773411, 8015935488, 8035102665, 8039906963, 8056321886, 8060733209, 8079733193, 8086933924, 8102485731, 8108827633, 8128292042, 8137181851, 8155951766, 8160158742, 8179966111, 8191226631, 8210553856, 8215042345, 8237630548, 8247967934, 8267067948, 8273342687, 8296260989, 8309242025, 8326374306, 8335544199, 8358868337, 8373201207, 8390099132, 8400242174, 8425456879, 8439974090, 8459378481, 8468082520, 8493467276, 8509667849, 8529889628, 8539096675, 8563116736, 8583189899, 8605070747, 8614575026, 8640935789, 8656274675, 8673732768, 8684511715, 8708844727, 8724580875, 8742179010, 8751578972, 8774271492, 8789401744, 8806618336, 8815986860, 8839203823, 8851333175, 8868635507, 8876286373, 8899747695, 8910831019, 8927233081, 8935048282, 8957570751, 8966877828, 8984588854, 8990034773, 9010485192, 9019287832, 9036541578, 9041120094, 9061531930, 9067880977, 9083607122, 9088974446, 9107910125, 9113513234, 9129040748, 9132866181, 9150812992, 9155600142, 9171482048, 9173832753, 9190879294, 9194286030, 9210616642, 9210926735, 9227771787, 9228849253, 9243279295, 9244455362, 9259562750, 9260375851, 9274352900, 9274827328, 9288920126, 9289530309, 9301595356, 9315345194, 9327684609, 10396714000
0, 1, 7873134089, 7887925668, 7889236061, 7904427760, 7904806445, 7920391119, 7921451437, 7936996099, 7937782049, 7955000070, 7957493675, 7973491330, 7974964629, 7993854580, 7997086978, 8013751976, 8015936917, 8035974355, 8039908392, 8058486821, 8060734638, 8080922121, 8086935353, 8104547778, 8108829062, 8131185767, 8137183280, 8156969214, 8160160171, 8183431436, 8191228060, 8207727294, 8215043774, 8238899500, 8247969363, 8267663841, 8273344116, 8298012943, 8309243454, 8328033375, 8335545628, 8361723479, 8373202636, 8392974280, 8400243603, 8427819016, 8439975519, 8458538229, 8468083949, 8494927714, 8509669278, 8530588409, 8539098104, 8566577774, 8583191328, 8606146784, 8614576455, 8642900664, 8656276104, 8675063167, 8684513144, 8710775306, 8724582304, 8743655167, 8751580401, 8776646490, 8789403173, 8808288837, 8815988289, 8840427047, 8851334604, 8872140844, 8876287802, 8899896311, 8910832448, 8930351159, 8935049711, 8959447028, 8966879257, 8986952420, 8990036202, 9011175399, 9019289261, 9038922292, 9041121523, 9062925205, 9067882406, 9085173306, 9088975875, 9110222247, 9113514663, 9130714107, 9132867610, 9151517489, 9155601571, 9172102234, 9173834182, 9191883881, 9194287459, 9210435159, 9210928164, 9228229067, 9244456791, 9259455575, 10396714000
0, 2, 7957495104, 7973384155, 7974966058, 7993820284, 7997088407, 8013624795, 8015938346, 8035562803, 8039909821, 8057649427, 8060736067, 8079194460, 8086936782, 8105009345, 8108830491, 8129826788, 8137184709, 8154874300, 8160161600, 8182712649, 8191229489, 8209011965, 8215045203, 8238652283, 8247970792, 8268385486, 8273345545, 8297529941, 8309244883, 8329100838, 8335547057, 8361048991, 8373204065, 8393980296, 8400245032, 8426755840, 8439976948, 8460257316, 8468085378, 8495785114, 8509670707, 8529928211, 8539099533, 8566353421, 8583192757, 8607101356, 8614577884, 8642917812, 8656277533, 8676387850, 8684514573, 8711399779, 8724583733, 8744425398, 8751581830, 8778004040, 8789404602, 8810695273, 8815989718, 8841574534, 8851336033, 8870537506, 8876289231, 8901525371, 8910833877, 8927807539, 8935051140, 8958529610, 8966880686, 8986576593, 8990037631, 9011794156, 9019290690, 9038219224, 9041122952, 9062467925, 9067883835, 9085494831, 9088977304, 9109064757, 9113516092, 9130579781, 9132869039, 9151024484, 9155603000, 9172335161, 9194288888, 9210593778, 10396714000
0, 3, 8015939775, 8035895760, 8039911250, 8058025254, 8060737496, 8081803814, 8086938211, 8105103659, 8108831920, 8130006842, 8137186138, 8155928902, 8160163029, 8181129317, 8191230918, 8210571004, 8215046632, 8241275927, 8247972221, 8269067119, 8273346974, 8298884633, 8309246312, 8331398670, 8335548486, 8362489423, 8373205494, 8396685393, 8400246461, 8430419796, 8439978377, 8462227907, 8468086807, 8498042934, 8509672136, 8532323215, 8539100962, 8569581532, 8583194186, 8607970188, 8614579313, 8643576581, 8656278962, 8678317000, 8684516002, 8711959947, 8724585162, 8746323110, 8751583259, 8778215532, 8789406031, 8811468362, 8815991147, 8842437650, 8851337462, 8871479217, 8876290660, 8901542519, 8910835306, 8929255116, 8935052569, 8959088349, 8966882115, 8985323360, 8990039060, 9012169983, 9019292119, 9038599338, 9041124381, 9063203860, 9088978733, 9109757822, 10396714000
0, 4, 8137187567, 8156762009, 8160164458, 8183105624, 8191232347, 8211195477, 8215048061, 8239296762, 8247973650, 8268679860, 8273348403, 8298407347, 8309247741, 8329513819, 8335549915, 8361974983, 8373206923, 8395290689, 8400247890, 8428536374, 8439979806, 8461326208, 8468088236, 8496178089, 8509673565, 8531943101, 8539102391, 8567305135, 8583195615, 8608044496, 8614580742, 8646020171, 8656280391, 8678927183, 8684517431, 8713570430, 8724586591, 8746766100, 8751584688, 8778607078, 8789407460, 8811738443, 8815992576, 8842171856, 8851338891, 8872150847, 8876292089, 8901673987, 8910836735, 8930199685, 8935053998, 8959384152, 8966883544, 8986452270, 9019293548, 9038669359, 10396714000
0, 5, 8215049490, 8241576017, 8247975079, 8269414366, 8273349832, 8299118989, 8309249170, 8331420105, 8335551344, 8363182488, 8373208352, 8396666816, 8400249319, 8431067133, 8439981235, 8463468279, 8468089665, 8501279619, 8509674994, 8534508156, 8539103820, 8568948485, 8583197044, 8608578942, 8614582171, 8651368918, 8656281820, 8678529921, 8684518860, 8714036284, 8724588020, 8746284527, 8751586117, 8779294427, 8789408889, 8811675567, 8815994005, 8842574834, 8876293518, 8902211291, 10396714000
0, 6, 8373209781, 8396093787, 8400250748, 8430561267, 8439982664, 8463066730, 8468091094, 8498814594, 8509676423, 8533512143, 8539105249, 8567998200, 8583198473, 8608148813, 8614583600, 8647517763, 8656283249, 8679650257, 8684520289, 8714372099, 8724589449, 8747173365, 8789410318, 8812262886, 10396714000
0, 7, 8468092523, 8501621150, 8509677852, 8534913992, 8539106678, 8570903357, 8614585029, 8651889074, 10396714000
1, 0, 7797005543, 7812418737, 7827020259, 7839459704, 7842027617, 7855380193, 7857796632, 7870318959, 7873132660, 7887971396, 7889234632, 7903934755, 7904805016, 7919863818, 7921450008, 7936934652, 7937780620, 7954099800, 7957492246, 7973131222, 7974963200, 7991222362, 7997085549, 8013749118, 8015935488, 8033832284, 8039906963, 8057299322, 8060733209, 8080207621, 8086933924, 8104081924, 8108827633, 8128822201, 8137181851, 8156177548, 8160158742, 8182215357, 8191226631, 8208403211, 8215042345, 8235432746, 8247967934, 8265336000, 8273342687, 8295760839, 8309242025, 8325909881, 8335544199, 8359425647, 8373201207, 8390829351, 8400242174, 8422673187, 8439974090, 8457240697, 8468082520, 8493382965, 8509667849, 8526420016, 8539096675, 8565611770, 8583189899, 8605069318, 8614575026, 8638886603, 8656274675, 8674597313, 8684511715, 8708941899, 8724580875, 8742143285, 8751578972, 8774324365, 8789401744, 8806161056, 8815986860, 8838382148, 8851333175, 8869099932, 8876286373, 8899130367, 8910831019, 8927341685, 8935048282, 8955205756, 8966877828, 8983569977, 8990034773, 9010948188, 9019287832, 9034969678, 9041120094, 9060557352, 9067880977, 9085852081, 9088974446, 9107375679, 9113513234, 9131272846, 9132866181, 9151088789, 9155600142, 9172067938, 9173832753, 9190207664, 9194286030, 9209351977, 9210926735, 9227313078, 9228849253, 9244182423, 9244455362, 9260125776, 9260375851, 9274625839, 9274827328, 9288764365, 9289530309, 9301562489, 10396714000
1, 1, 7873134089, 7887951390, 7904806445, 7920904130, 7921451437, 7937517684, 7937782049, 7954535645, 7957493675, 7973997196, 7974964629, 7993248684, 7997086978, 8013176089, 8015936917, 8036551671, 8039908392, 8056869193, 8060734638, 8082176783, 8086935353, 8106411194, 8108829062, 8130921402, 8137183280, 8157032090, 8160160171, 8183358557, 8191228060, 8211705630, 8215043774, 8238133556, 8247969363, 8268395489, 8273344116, 8298277308, 8309243454, 8327813309, 8335545628, 8359644284, 8373202636, 8392819948, 8400243603, 8425313979, 8439975519, 8460305902, 8468083949, 8496412445, 8509669278, 8529363756, 8539098104, 8564993013, 8583191328, 8605156487, 8614576455, 8641071544, 8656276104, 8675826253, 8684513144, 8710243718, 8724582304, 8744875533, 8751580401, 8776755094, 8789403173, 8809099080, 8815988289, 8839931184, 8851334604, 8869970193, 8876287802, 8897552751, 8910832448, 8930845593, 8935049711, 8959309844, 8966879257, 8986629466, 8990036202, 9012401481, 9019289261, 9038356408, 9041121523, 9060288700, 9067882406, 9086277923, 9088975875, 9107844391, 9113514663, 9131152810, 9132867610, 9151473190, 9155601571, 9172359454, 9173834182, 9191645238, 9194287459, 9209863559, 9210928164, 9228041868, 9228850682, 9244245299, 9244456791, 9260115773, 10396714000
1, 2, 7921452866, 7937507681, 7957495104, 7973988622, 7974966058, 7993758837, 7997088407, 8013743402, 8015938346, 8034763992, 8039909821, 8057362198, 8060736067, 8079684607, 8086936782, 8105485202, 8108830491, 8129731045, 8137184709, 8155165816, 8160161600, 8181539440, 8191229489, 8208890500, 8215045203, 8239110992, 8247970792, 8266902184, 8273345545, 8296015201, 8309244883, 8329969670, 8335547057, 8360564560, 8373204065, 8395199233, 8400245032, 8425574057, 8439976948, 8461081849, 8468085378, 8496133790, 8509670707, 8530628421, 8539099533, 8567299419, 8583192757, 8605759525, 8614577884, 8641954666, 8656277533, 8676877997, 8684514573, 8710762445, 8724583733, 8745965860, 8751581830, 8777229522, 8789404602, 8809319146, 8815989718, 8842193291, 8851336033, 8870930481, 8876289231, 8901032366, 8910833877, 8929696677, 8935051140, 8958565335, 8966880686, 8985163312, 8990037631, 9012135687, 9019290690, 9038173496, 9041122952, 9061794866, 9067883835, 9086153600, 9088977304, 9109164787, 9113516092, 9131147094, 9132869039, 9151984772, 9155603000, 9172292291, 10396714000
1, 3, 8015939775, 8035454199, 8060737496, 8081179341, 8086938211, 8106062518, 8108831920, 8130204044, 8137186138, 8156311874, 8160163029, 8182719794, 8191230918, 8211246921, 8215046632, 8239841211, 8247972221, 8268265450, 8273346974, 8299423366, 8309246312, 8331255770, 8335548486, 8361914965, 8373205494, 8395679377, 8400246461, 8428629259, 8439978377, 8463461134, 8468086807, 8503654617, 8509672136, 8532417529, 8539100962, 8568384030, 8583194186, 8607755838, 8614579313, 8642489112, 8656278962, 8679497354, 8684516002, 8712328629, 8724585162, 8745894410, 8751583259, 8777691089, 8789406031, 8809643529, 8815991147, 8842118983, 8851337462, 8872896785, 8876290660, 8900730847, 8910835306, 8930435470, 8935052569, 8958918298, 8966882115, 8986220772, 8990039060, 9012618689, 9019292119, 9038246375, 9041124381, 9062416481, 9067885264, 9086186467, 9088978733, 9109379137, 10396714000
1, 4, 8086939640, 8105941053, 8137187567, 8156912054, 8160164458, 8183467161, 8191232347, 8210591010, 8215048061, 8238930938, 8247973650, 8267298017, 8273348403, 8298168704, 8309247741, 8330459817, 8335549915, 8361231903, 8373206923, 8394201791, 8400247890, 8426815858, 8439979806, 8462096439, 8468088236, 8496583925, 8509673565, 8531455812, 8539102391, 8567630947, 8583195615, 8608217405, 8614580742, 8643485125, 8656280391, 8679237276, 8684517431, 8712350064, 8724586591, 8747010459, 8751584688, 8778088351, 8789407460, 8810851034, 8815992576, 8842071826, 8851338891, 8872436647, 8876292089, 8901541090, 8910836735, 8930368307, 8935053998, 8959162657, 8966883544, 8986789514, 10396714000
1, 5, 8215049490, 8240175597, 8273349832, 8299460520, 8309249170, 8331498700, 8335551344, 8361963551, 8373208352, 8396003760, 8400249319, 8428111961, 8439981235, 8463824100, 8468089665, 8503873254, 8509674994, 8533370672, 8539103820, 8568884180, 8583197044, 8608893322, 8614582171, 8644448271, 8656281820, 8679718849, 8684518860, 8712825921, 8724588020, 8747134782, 8751586117, 8779072932, 8789408889, 8811352613, 8815994005, 8842454798, 8851340320, 8872975380, 8876293518, 8901678274, 10396714000
1, 6, 8309250599, 8331237193, 8373209781, 8395959461, 8400250748, 8428816458, 8439982664, 8463139609, 8468091094, 8498741715, 8509676423, 8533736496, 8539105249, 8570989097, 8583198473, 8608556078, 8614583600, 8644882687, 8656283249, 8679753145, 8684520289, 8713634735, 8724589449, 8747444875, 10396714000
1, 7, 8468092523, 8504596328, 8539106678, 8569648695, 8583199902, 8609552091, 8614585029, 8647720681, 10396714000
2, 0, 7812610223, 7826738746, 7827020259, 7839316804, 7842027617, 7855132976, 7857796632, 7870088890, 7873132660, 7887624149, 7889234632, 7903981912, 7904805016, 7920958432, 7921450008, 7936560254, 7937780620, 7954321295, 7957492246, 7973920030, 7974963200, 7993261545, 7997085549, 8012584483, 8015935488, 8033382149, 8039906963, 8056259010, 8060733209, 8080850671, 8086933924, 8105052215, 8108827633, 8127073105, 8137181851, 8153565336, 8160158742, 8182278233, 8191226631, 8208859062, 8215042345, 8235535634, 8247967934, 8265611797, 8273342687, 8297728572, 8309242025, 8326843018, 8335544199, 8358301024, 8373201207, 8390619288, 8400242174, 8424243658, 8439974090, 8458046653, 8468082520, 8491052266, 8509667849, 8527388878, 8539096675, 8565410281, 8583189899, 8605070747, 8614575026, 8637103211, 8656274675, 8673817079, 8684511715, 8707837282, 8724580875, 8741341616, 8751578972, 8775077448, 8789401744, 8806395412, 8815986860, 8837659074, 8851333175, 8868439734, 8876286373, 8900453621, 8910831019, 8929049340, 8935048282, 8955194324, 8966877828, 8982978371, 8990034773, 9011929911, 9019287832, 9036504424, 9041120094, 9061311864, 9067880977, 9085766341, 9088974446, 9107258501, 9113513234, 9130511189, 9132866181, 9152789299, 9155600142, 9171936470, 9173832753, 9191549495, 9194286030, 9209371983, 9210926735, 9228049013, 9228849253, 9243826602, 9244455362, 9259471294, 9260375851, 9274241438, 9274827328, 9288327091, 9301839715, 9315116554, 10396714000
2, 1, 7889236061, 7903904746, 7904806445, 7920969864, 7921451437, 7937128996, 7937782049, 7954241271, 7957493675, 7973937178, 7974964629, 7993886018, 7997086978, 8013409016, 8015936917, 8033995190, 8039908392, 8058435377, 8060734638, 8082168209, 8086935353, 8105132239, 8108829062, 8131225779, 8137183280, 8156441913, 8160160171, 8183497170, 8191228060, 8211402682, 8215043774, 8238525102, 8247969363, 8267275153, 8273344116, 8297171262, 8309243454, 8328916497, 8335545628, 8359279889, 8373202636, 8391318069, 8400243603, 8426358578, 8439975519, 8459199856, 8468083949, 8492192608, 8509669278, 8529350895, 8539098104, 8567299419, 8583191328, 8605147913, 8614576455, 8639688272, 8656276104, 8675609045, 8684513144, 8709677834, 8724582304, 8743336500, 8751580401, 8776217790, 8789403173, 8808183091, 8815988289, 8839476762, 8851334604, 8871369184, 8876287802, 8900918046, 8910832448, 8929745263, 8935049711, 8959211243, 8966879257, 8984953249, 8990036202, 9013719019, 9019289261, 9036427258, 9041121523, 9062073521, 9067882406, 9086196470, 9088975875, 9108087321, 9113514663, 9131295710, 9132867610, 9152773580, 9155601571, 9171402024, 9173834182, 9191985340, 9194287459, 9210393718, 9210928164, 9228340529, 9228850682, 9243816599, 9260377280, 9274547244, 10396714000
2, 2, 7937783478, 7954737134, 7957495104, 7974101513, 7974966058, 7993495901, 7997088407, 8013603360, 8015938346, 8033560774, 8039909821, 8057545110, 8060736067, 8081599467, 8086936782, 8104786421, 8108830491, 8128993681, 8137184709, 8156721997, 8160161600, 8182858407, 8191229489, 8210746771, 8215045203, 8237470500, 8247970792, 8269028536, 8273345545, 8299120418, 8309244883, 8330511261, 8335547057, 8359735740, 8373204065, 8392438405, 8400245032, 8427091655, 8439976948, 8460773185, 8468085378, 8493081446, 8509670707, 8530818478, 8539099533, 8567719545, 8583192757, 8605073605, 8614577884, 8640121259, 8656277533, 8676217799, 8684514573, 8710855330, 8724583733, 8744936980, 8751581830, 8778325565, 8789404602, 8809169101, 8815989718, 8840614246, 8851336033, 8872216581, 8876289231, 8900229268, 8910833877, 8930992780, 8935051140, 8957413561, 8966880686, 8985424819, 8990037631, 9012973081, 9019290690, 9037220353, 9041122952, 9062209276, 9067883835, 9086003555, 9088977304, 9108280236, 9113516092, 9131201396, 9132869039, 9152739284, 9173835611, 9191780993, 10396714000
2, 3, 8039911250, 8058043831, 8060737496, 8081690923, 8086938211, 8105115091, 8108831920, 8130567010, 8137186138, 8156937776, 8160163029, 8183222802, 8191230918, 8210200893, 8215046632, 8236813160, 8247972221, 8268749881, 8273346974, 8299126134, 8309246312, 8331108583, 8335548486, 8362753788, 8373205494, 8394358981, 8400246461, 8428873618, 8439978377, 8462788075, 8468086807, 8495885144, 8509672136, 8534369543, 8539100962, 8574851684, 8583194186, 8607501476, 8614579313, 8641737458, 8656278962, 8678441323, 8684516002, 8711244018, 8724585162, 8745389973, 8751583259, 8781113544, 8789406031, 8810157969, 8815991147, 8842391922, 8851337462, 8872708157, 8876290660, 8900553651, 8910835306, 8931402903, 8935052569, 8958792546, 8966882115, 8985804933, 8990039060, 9013360340, 9019292119, 9037731935, 9041124381, 9062642263, 9067885264, 9086095011, 9113517521, 9131194251, 10396714000
2, 4, 8108833349, 8130991423, 8137187567, 8156886332, 8160164458, 8183577194, 8191232347, 8207945931, 8215048061, 8238748026, 8247973650, 8267968218, 8273348403, 8298711724, 8309247741, 8330154011, 8335549915, 8360624578, 8373206923, 8393808816, 8400247890, 8427217407, 8439979806, 8462056427, 8468088236, 8494717651, 8509673565, 8532467544, 8539102391, 8568875606, 8583195615, 8607933034, 8614580742, 8642441955, 8656280391, 8678635667, 8684517431, 8711521244, 8724586591, 8745951570, 8751584688, 8779001482, 8789407460, 8810659548, 8815992576, 8842143276, 8851338891, 8872610985, 8876292089, 8901413909, 8910836735, 8931151399, 8935053998, 8959359859, 8990040489, 9013626134, 10396714000
2, 5, 8247975079, 8269187155, 8273349832, 8299217590, 8309249170, 8329253741, 8335551344, 8362452269, 8373208352, 8395292118, 8400249319, 8429036524, 8439981235, 8463112458, 8468089665, 8496275261, 8509674994, 8534046589, 8539103820, 8574873119, 8583197044, 8608591803, 8614582171, 8643592300, 8656281820, 8680061809, 8684518860, 8712255750, 8724588020, 8746717514, 8751586117, 8781133550, 8789408889, 8811498371, 8815994005, 8842799187, 8851340320, 8873113993, 8910838164, 8931214275, 10396714000
2, 6, 8335552773, 8362690912, 8373209781, 8395572202, 8400250748, 8429445218, 8439982664, 8463273935, 8468091094, 8496313844, 8509676423, 8533197763, 8539105249, 8571163435, 8583198473, 8608467480, 8614583600, 8642221889, 8656283249, 8679854604, 8684520289, 8712535834, 8751587546, 8782069545, 10396714000
2, 7, 8509677852, 8534749657, 8539106678, 8575106046, 8583199902, 8608953340, 8656284678, 8680540524, 10396714000
3, 0, 7812610223, 7826470094, 7842027617, 7855793174, 7857796632, 7871699373, 7873132660, 7887631294, 7889234632, 7904086229, 7904805016, 7921137057, 7921450008, 7937277612, 7937780620, 7955368752, 7957492246, 7973711396, 7974963200, 7992215517, 7997085549, 8014493627, 8015935488, 8034595370, 8039906963, 8057910934, 8060733209, 8081203634, 8086933924, 8105610954, 8108827633, 8128252030, 8137181851, 8153018029, 8160158742, 8179993262, 8191226631, 8207682995, 8215042345, 8235467042, 8247967934, 8266276282, 8273342687, 8296240983, 8309242025, 8325791274, 8335544199, 8359522819, 8373201207, 8391681035, 8400242174, 8423873547, 8439974090, 8457750850, 8468082520, 8492329792, 8509667849, 8528827881, 8539096675, 8563961275, 8583189899, 8605075034, 8614575026, 8639242424, 8656274675, 8673025413, 8684511715, 8708470329, 8724580875, 8742914945, 8751578972, 8775816241, 8789401744, 8808830428, 8815986860, 8838613646, 8851333175, 8867623775, 8876286373, 8899550493, 8910831019, 8928489172, 8935048282, 8957899421, 8966877828, 8985267629, 8990034773, 9009402010, 9019287832, 9035895670, 9041120094, 9062243572, 9067880977, 9084364492, 9088974446, 9108320248, 9113513234, 9129112198, 9132866181, 9151040203, 9155600142, 9172207980, 9173832753, 9191553782, 9194286030, 9210528044, 9210926735, 9228400547, 9228849253, 9243193555, 9244455362, 9259074032, 9260375851, 9273495500, 9274827328, 9288851534, 9289530309, 9301649658, 9301839715, 9315050820, 10396714000
3, 1, 7857798061, 7871693657, 7889236061, 7904079084, 7904806445, 7920669774, 7921451437, 7937414796, 7937782049, 7955748866, 7957493675, 7973109787, 7974964629, 7992578483, 7997086978, 8013480466, 8015936917, 8035295580, 8039908392, 8058682594, 8060734638, 8082171067, 8086935353, 8104339144, 8108829062, 8131290084, 8137183280, 8154777128, 8160160171, 8182758377, 8191228060, 8209513544, 8215043774, 8239178155, 8247969363, 8269251460, 8273344116, 8298631700, 8309243454, 8329765323, 8335545628, 8362182188, 8373202636, 8392301221, 8400243603, 8425614069, 8439975519, 8458363891, 8468083949, 8493810236, 8509669278, 8529916779, 8539098104, 8565487447, 8583191328, 8605075034, 8614576455, 8640562820, 8656276104, 8674857391, 8684513144, 8711228299, 8724582304, 8742904942, 8751580401, 8777656793, 8789403173, 8809171959, 8815988289, 8840447053, 8851334604, 8869727263, 8876287802, 8900696551, 8910832448, 8931199985, 8935049711, 8959059769, 8966879257, 8986870967, 8990036202, 9013416071, 9019289261, 9036975994, 9041121523, 9060763128, 9067882406, 9085787776, 9088975875, 9108989020, 9113514663, 9129733813, 9132867610, 9152181974, 9155601571, 9172499496, 9173834182, 9192279714, 9194287459, 9210419440, 9210928164, 9228186197, 9228850682, 9243653693, 10396714000
3, 2, 7937783478, 7955828890, 7974966058, 7993461605, 7997088407, 8013933459, 8015938346, 8035575664, 8039909821, 8056976368, 8060736067, 8078461383, 8086936782, 8104949327, 8108830491, 8130279781, 8137184709, 8154369863, 8160161600, 8182526879, 8191229489, 8211119740, 8215045203, 8237746297, 8247970792, 8266789293, 8273345545, 8299097554, 8309244883, 8327593243, 8335547057, 8361257625, 8373204065, 8392912833, 8400245032, 8427273138, 8439976948, 8460301615, 8468085378, 8494683355, 8509670707, 8531970252, 8539099533, 8566184799, 8583192757, 8606135352, 8614577884, 8641152997, 8656277533, 8676975169, 8684514573, 8710345177, 8724583733, 8745014146, 8751581830, 8778224106, 8789404602, 8810393754, 8815989718, 8840058365, 8851336033, 8870644681, 8876289231, 8899976335, 8910833877, 8930526926, 8935051140, 8956771940, 8966880686, 8986017854, 8990037631, 9010172241, 9019290690, 9037438990, 9041122952, 9062450777, 9067883835, 9085657737, 9088977304, 9109119059, 9113516092, 9130541198, 9132869039, 9152544940, 9155603000, 9172097947, 9173835611, 9192468342, 10396714000
3, 3, 7997089836, 8014675110, 8039911250, 8058325344, 8060737496, 8082108191, 8086938211, 8103713242, 8108831920, 8130379811, 8137186138, 8156011784, 8160163029, 8183329977, 8191230918, 8212078599, 8215046632, 8238152133, 8247972221, 8269628716, 8273346974, 8299280466, 8309246312, 8330329778, 8335548486, 8368234003, 8373205494, 8394490449, 8400246461, 8428463495, 8439978377, 8463964142, 8468086807, 8496592499, 8509672136, 8532864806, 8539100962, 8571487818, 8583194186, 8607229966, 8614579313, 8642531982, 8656278962, 8679120098, 8684516002, 8711848485, 8724585162, 8746478871, 8751583259, 8779807438, 8789406031, 8811392625, 8815991147, 8842340478, 8851337462, 8872596695, 8876290660, 8899966332, 8910835306, 8930877031, 8935052569, 8958180934, 8966882115, 8986380820, 8990039060, 9013007377, 9019292119, 9038162064, 9041124381, 9062570813, 9067885264, 9086349373, 10396714000
3, 4, 8108833349, 8131312948, 8160164458, 8183295681, 8191232347, 8211728494, 8215048061, 8239030968, 8247973650, 8269144285, 8273348403, 8297775729, 8309247741, 8329991105, 8335549915, 8362399396, 8373206923, 8393718789, 8400247890, 8426129938, 8439979806, 8460630285, 8468088236, 8495590770, 8509673565, 8531322915, 8539102391, 8567845297, 8583195615, 8607361434, 8614580742, 8642081847, 8656280391, 8679488780, 8684517431, 8713264624, 8724586591, 8747171936, 8751584688, 8779081506, 8789407460, 8810981073, 8815992576, 8841954648, 8851338891, 8872176569, 8876292089, 8900949484, 8910836735, 8931148541, 8935053998, 8959105497, 8966883544, 8986565161, 8990040489, 9013223156, 10396714000
3, 5, 8191233776, 8211827095, 8247975079, 8269720172, 8273349832, 8299330481, 8309249170, 8331142879, 8335551344, 8364828696, 8373208352, 8394923436, 8400249319, 8428729289, 8439981235, 8463141038, 8468089665, 8496256684, 8509674994, 8534561029, 8539103820, 8568831307, 8583197044, 8608896180, 8614582171, 8642863510, 8656281820, 8679465916, 8684518860, 8714313510, 8724588020, 8746883278, 8751586117, 8781960941, 8789408889, 8811468362, 8815994005, 8842391922, 8851340320, 8872606698, 10396714000
3, 6, 8335552773, 8364694370, 8400250748, 8428624972, 8439982664, 8461914956, 8468091094, 8496243823, 8509676423, 8533434977, 8539105249, 8571409223, 8583198473, 8608463193, 8614583600, 8643658034, 8656283249, 8679647399, 8684520289, 8713807644, 8724589449, 8747677802, 8751587546, 8779501632, 10396714000
3, 7, 8439984093, 8464322821, 8509677852, 8534652485, 8539106678, 8568645537, 8583199902, 8608971917, 10396714000

total kernel time (ticks) = 1527697711

