spa frequency: 0.69979 GHz
spa period: 1429 ticks
kernel times (ticks):
start, end, start, end, ..., exit
8182631196, 8198527362, 8198528821, 8213331802, 8215409598, 8230165422, 8232431846, 8248126523, 8251826234, 8267286555, 8269445804, 8287408304, 8290242041, 8306766967, 8307368606, 8327078773, 8328889346, 8346883284, 8348600972, 8369931625, 8373144047, 8391892497, 8395019179, 8418379012, 8423520584, 8443870943, 8446061630, 8471460646, 8477618237, 8499057494, 8503064440, 8530479775, 8534669633, 8556736221, 8556737680, 8585137596, 8585139055, 8607881560, 8607883019, 8638257813, 8638259272, 8662582251, 8662583710, 8694677591, 8694679050, 8720656811, 8720658270, 8754405504, 8754406963, 8781366447, 8781367906, 8817394395, 8817395854, 8846816076, 8849428318, 8888921561, 8898077194, 8928203342, 8932881918, 8973679838, 8981416474, 9012615801, 9012617260, 9054874189, 9059076908, 9089305944, 9098117188, 9137270329, 9148556601, 9177918234, 9185103276, 9223979191, 9232336013, 9259888532, 9267497987, 9304080357, 9311584066, 9337793325, 9343866605, 9378827060, 9386470811, 9412234222, 9419833674, 9453183646, 9462776553, 9487052375, 9496363769, 9527583102, 9537045970, 9561273206, 9568874087, 9597426906, 9606905493, 9629323615, 9634469474, 9661307493, 9665344448, 9685986323, 9685987782, 9711253901, 9711255360, 9730646860, 9730648319, 9754039590, 9754041049, 9772825224, 9772826683, 9793922980, 9793924439, 9812068422, 9812069881, 9831481387, 9831482846, 9848003485, 9848004944, 9865991737, 9865993196, 9881720740, 9884724528, 9900813609, 9904736244, 9919237706, 9922175760, 9936584337, 9939579551, 9953465114, 11076328500

shader CTA times (ticks):
shader, CTA ID, start, end, start, end, ..., exit
0, 0, 8215658244, 8229939670, 8232680492, 8246180255, 8252074880, 8266036210, 8269694450, 8283747236, 8290490687, 8304524896, 8307617252, 8322460275, 8329137992, 8344159640, 8348849618, 8363229645, 8373392693, 8387968493, 8395267825, 8410686735, 8423769230, 8438565096, 8446310276, 8462559435, 8477866883, 8494440425, 8503313086, 8521895802, 8534918279, 8550262881, 8556739109, 8573228340, 8585140484, 8601868358, 8607884448, 8625083892, 8638260701, 8654815666, 8662585139, 8680526234, 8694680479, 8711149704, 8720659699, 8737677660, 8754408392, 8771299172, 8781369335, 8800130676, 8817397283, 8835294079, 8849675535, 8870025924, 8898325840, 8915708196, 8933130564, 8955360088, 8981665120, 9003408784, 9012618689, 9032090243, 9059325554, 9077455277, 9098365834, 9119133491, 9148805247, 9165997546, 9185351922, 9202508496, 9232584659, 9249968444, 9267746633, 9285247596, 9311832712, 9329732366, 9344115251, 9361943455, 9386718028, 9402824287, 9420082320, 9438993706, 9463025199, 9479348666, 9496612415, 9515319454, 9537294616, 9556055957, 9569122733, 9586040664, 9607154139, 9625119527, 9634718120, 9650644325, 9665593094, 9681553595, 9685989211, 9702118334, 9711256789, 9726269863, 9730649748, 9746470207, 9754042478, 9769695744, 9772828112, 9787471075, 9793925868, 9810050704, 9812071310, 9826224126, 9831484275, 9845309850, 9848006373, 9862324953, 9865994625, 9879768756, 9884973174, 9898690145, 9904984890, 9918526094, 9939828197, 9953283661, 11076328500
0, 1, 8269695879, 8284607494, 8290492116, 8305713824, 8307618681, 8323649203, 8329139421, 8345039904, 8348851047, 8364874424, 8373394122, 8389468943, 8395269254, 8411667029, 8423770659, 8440111274, 8446311705, 8466126219, 8477868312, 8496891160, 8503314515, 8524962436, 8534919708, 8553849671, 8556740538, 8577402449, 8585141913, 8605973875, 8607885877, 8630901351, 8638262130, 8659701417, 8662586568, 8681509386, 8694681908, 8711969950, 8720661128, 8740367038, 8754409821, 8772280895, 8781370764, 8801139550, 8817398712, 8836781668, 8849676964, 8870743282, 8898327269, 8917657352, 8933131993, 8958986890, 8981666549, 9005050705, 9012620118, 9036094301, 9059326983, 9078589903, 9098367263, 9122796018, 9148806676, 9166854946, 9185353351, 9207312794, 9232586088, 9252719269, 9267748062, 9287533996, 9311834141, 9331094203, 9344116680, 9365040098, 9386719457, 9407874373, 9420083749, 9440911424, 9463026628, 9482426732, 9496613844, 9519406394, 9537296045, 9558469538, 9569124162, 9587073831, 9607155568, 9627801760, 9634719549, 9653226528, 9665594523, 9681587891, 9685990640, 9704200387, 9711258218, 9727007227, 9730651177, 9747407631, 9754043907, 9770817509, 9772829541, 9788288463, 9793927297, 9810703757, 9812072739, 9827408767, 9848007802, 9863215220, 11076328500
0, 2, 8373395551, 8389973380, 8395270683, 8412881679, 8423772088, 8440952955, 8446313134, 8463859825, 8477869741, 8495107768, 8503315944, 8521898660, 8534921137, 8550531533, 8556741967, 8574047157, 8585143342, 8602222750, 8607887306, 8627203099, 8638263559, 8656104624, 8662587997, 8684300223, 8694683337, 8715445278, 8720662557, 8742068977, 8754411250, 8773544131, 8781372193, 8802367061, 8817400141, 8838129215, 8849678393, 8872590979, 8898328698, 8917774530, 8933133422, 8960371591, 8981667978, 9005482263, 9012621547, 9037093172, 9059328412, 9077543875, 9098368692, 9122773154, 9148808105, 9167253637, 9185354780, 9208133040, 9232587517, 9253352316, 9267749491, 9288517148, 9311835570, 9330928439, 9344118109, 9366094700, 9386720886, 9404150399, 9420085178, 9442124645, 9463028057, 9480151764, 9496615273, 9515606683, 9537297474, 9557372066, 9569125591, 9588189880, 9607156997, 9627027242, 9634720978, 9653722391, 9665595952, 9682086612, 9685992069, 9704241828, 9711259647, 9727736017, 9730652606, 9748729456, 9754045336, 9771184762, 9793928726, 9810626591, 11076328500
0, 3, 8446314563, 8465557477, 8477871170, 8496115213, 8503317373, 8524503727, 8534922566, 8552862232, 8556743396, 8576733677, 8585144771, 8604383398, 8607888735, 8628116230, 8638264988, 8657625080, 8662589426, 8686586623, 8694684766, 8717014320, 8720663986, 8745528586, 8754412679, 8774865956, 8781373622, 8805343668, 8817401570, 8840842886, 8849679822, 8874971693, 8898330127, 8919506478, 8933134851, 8963556832, 8981669407, 9009146219, 9012622976, 9041387317, 9059329841, 9080561923, 9098370121, 9123933502, 9148809534, 9170843285, 9185356209, 9208828963, 9232588946, 9254476939, 9267750920, 9289494584, 9311836999, 9333724992, 9344119538, 9367169308, 9386722315, 9405833761, 9420086607, 9442862009, 9463029486, 9481366414, 9496616702, 9517082840, 9537298903, 9557799337, 9569127020, 9588941534, 9607158426, 9627451655, 9634722407, 9654041058, 9685993498, 9705303575, 11076328500
0, 4, 8585146200, 8604847823, 8607890164, 8630496944, 8638266417, 8657896590, 8662590855, 8685677779, 8694686195, 8715468142, 8720665415, 8744799796, 8754414108, 8773955683, 8781375051, 8803650303, 8817402999, 8838350710, 8849681251, 8873584134, 8898331556, 8918341843, 8933136280, 8961806307, 8981670836, 9007708645, 9012624405, 9039316696, 9059331270, 9082401046, 9098371550, 9125762622, 9148810963, 9172458055, 9185357638, 9210896726, 9232590375, 9255878788, 9267752349, 9291426592, 9311838428, 9334895343, 9344120967, 9368315366, 9386723744, 9408511707, 9420088036, 9443968055, 9463030915, 9483467044, 9496618131, 9518916247, 9537300332, 9558593861, 9607159855, 9627666005, 11076328500
0, 5, 8662592284, 8687212525, 8694687624, 8717105776, 8720666844, 8745820102, 8754415537, 8775884833, 8781376480, 8806278234, 8817404428, 8841727437, 8849682680, 8876216352, 8898332985, 8921941494, 8933137709, 8967042163, 8981672265, 9009560629, 9012625834, 9042814888, 9059332699, 9081788005, 9098372979, 9126878671, 9148812392, 9172375173, 9185359067, 9210376570, 9232591804, 9256590430, 9267753778, 9292113941, 9311839857, 9334959648, 9344122396, 9369029866, 9420089465, 9444449628, 11076328500
0, 6, 8817405857, 8841351610, 8849684109, 8877766817, 8898334414, 8921977219, 8933139138, 8962269303, 8981673694, 9007971581, 9012627263, 9041235843, 9059334128, 9083005513, 9098374408, 9128999307, 9148813821, 9172963921, 9185360496, 9211594078, 9232593233, 9256414663, 9311841286, 9335231158, 11076328500
0, 7, 8933140567, 8967946720, 8981675123, 9009709245, 9012628692, 9043402207, 9098375837, 9130818424, 11076328500
1, 0, 8182879842, 8198331619, 8215658244, 8229126569, 8232680492, 8246390318, 8252074880, 8266264850, 8269694450, 8284483171, 8290490687, 8304772113, 8307617252, 8322371677, 8329137992, 8344559760, 8348849618, 8364278531, 8373392693, 8388542951, 8395267825, 8411041127, 8423769230, 8439089539, 8446310276, 8463291083, 8477866883, 8493224346, 8503313086, 8520256739, 8534918279, 8552353508, 8556739109, 8574018577, 8585140484, 8602204173, 8607884448, 8626725813, 8638260701, 8656033174, 8662585139, 8682406798, 8694680479, 8712057119, 8720659699, 8738960902, 8754408392, 8775091738, 8781369335, 8800773726, 8817397283, 8836860263, 8849675535, 8870853315, 8898325840, 8917627343, 8933130564, 8955224333, 8981665120, 9000063495, 9012618689, 9035699897, 9059325554, 9077460993, 9098365834, 9117647331, 9148805247, 9165231602, 9185351922, 9203300162, 9232584659, 9249073890, 9267746633, 9286457959, 9311832712, 9327350223, 9344115251, 9363063791, 9386718028, 9403270135, 9420082320, 9439748218, 9463025199, 9478492695, 9496612415, 9514010490, 9537294616, 9553013616, 9569122733, 9586012084, 9607154139, 9621867123, 9634718120, 9652123340, 9665593094, 9680094586, 9685989211, 9702565611, 9711256789, 9726734288, 9730649748, 9746607391, 9754042478, 9769542841, 9772828112, 9787789742, 9793925868, 9808507384, 9812071310, 9827218710, 9831484275, 9845888595, 9848006373, 9862543590, 9865994625, 9880077420, 9884973174, 9899231736, 9904984890, 9918660420, 11076328500
1, 1, 8269695879, 8284577485, 8307618681, 8323567750, 8329139421, 8345348568, 8348851047, 8365158795, 8373394122, 8389534677, 8395269254, 8412087155, 8423770659, 8440697164, 8446311705, 8466384868, 8477868312, 8493661620, 8503314515, 8524217927, 8534919708, 8554981439, 8556740538, 8577415310, 8585141913, 8605639489, 8607885877, 8631444371, 8638262130, 8660118685, 8662586568, 8682924096, 8694681908, 8717594494, 8720661128, 8739701124, 8754409821, 8777198084, 8781370764, 8802442798, 8817398712, 8839622520, 8849676964, 8872456653, 8898327269, 8919372152, 8933131993, 8956804807, 8981666549, 9000485050, 9012620118, 9037644766, 9059326983, 9078158345, 9098367263, 9120862581, 9148806676, 9168143904, 9185353351, 9206219609, 9232586088, 9250704379, 9267748062, 9289827541, 9311834141, 9329810961, 9344116680, 9364762872, 9386719457, 9404882047, 9420083749, 9441623066, 9463026628, 9482859719, 9496613844, 9517791624, 9537296045, 9557727887, 9569124162, 9586875200, 9607155568, 9623550485, 9634719549, 9652450581, 9665594523, 9682335258, 9685990640, 9704413308, 9711258218, 9727728872, 9730651177, 9747827757, 9754043907, 9769954393, 9772829541, 9788662861, 9793927297, 9809411941, 9812072739, 9828170424, 9831485704, 9846567370, 9848007802, 9863298102, 11076328500
1, 2, 8329140850, 8345285692, 8373395551, 8390091987, 8395270683, 8412933123, 8423772088, 8441072991, 8446313134, 8464022731, 8477869741, 8495213514, 8503315944, 8521574277, 8534921137, 8553140887, 8556741967, 8574630189, 8585143342, 8603018703, 8607887306, 8627180235, 8638263559, 8656790544, 8662587997, 8684501712, 8694683337, 8713617587, 8720662557, 8742886365, 8754411250, 8777932590, 8781372193, 8805545157, 8817400141, 8839685396, 8849678393, 8873899943, 8898328698, 8920182395, 8933133422, 8957153483, 8981667978, 9001090946, 9012621547, 9038549323, 9059328412, 9078955727, 9098368692, 9122017213, 9148808105, 9167768077, 9185354780, 9207457123, 9232587517, 9253813883, 9267749491, 9290336265, 9311835570, 9330403996, 9344118109, 9364748582, 9386720886, 9408123019, 9420085178, 9443109226, 9463028057, 9481113481, 9496615273, 9515279442, 9537297474, 9556574684, 9569125591, 9587541114, 9607156997, 9625352454, 9634720978, 9653313697, 9665595952, 9683547050, 9685992069, 9705537931, 9711259647, 9728221877, 9730652606, 9748329336, 9754045336, 9770636026, 11076328500
1, 3, 8446314563, 8465305973, 8503317373, 8522961836, 8534922566, 8554229785, 8556743396, 8576549336, 8585144771, 8603968988, 8607888735, 8629166545, 8638264988, 8658389595, 8662589426, 8686638067, 8694684766, 8714050574, 8720663986, 8744848382, 8754412679, 8778950038, 8781373622, 8807382851, 8817401570, 8841737440, 8849679822, 8876269225, 8898330127, 8922973232, 8933134851, 8960846019, 8981669407, 9003077256, 9012622976, 9041940340, 9059329841, 9080887735, 9098370121, 9123489083, 9148809534, 9169855846, 9185356209, 9209820689, 9232588946, 9254735588, 9267750920, 9290687799, 9311836999, 9331490036, 9344119538, 9365790323, 9386722315, 9408854667, 9420086607, 9444265287, 9463029486, 9482759689, 9496616702, 9517298619, 9537298903, 9556674714, 9569127020, 9589447400, 9607158426, 9625728281, 9634722407, 9654075354, 9665597381, 9683637077, 9685993498, 9705632245, 11076328500
1, 4, 8534923995, 8554804243, 8585146200, 8605155058, 8607890164, 8630917070, 8638266417, 8658629667, 8662590855, 8685441994, 8694686195, 8717218667, 8720665415, 8744479700, 8754414108, 8778285553, 8781375051, 8806716937, 8817402999, 8840175543, 8849681251, 8875198904, 8898331556, 8921442773, 8933136280, 8958325263, 8981670836, 9001405326, 9012624405, 9041281571, 9059331270, 9082756867, 9098371550, 9123576252, 9148810963, 9172303723, 9185357638, 9210006459, 9232590375, 9256257473, 9267752349, 9292486910, 9311838428, 9333550654, 9344120967, 9368030995, 9386723744, 9409144754, 9420088036, 9444236707, 9463030915, 9483597083, 9496618131, 9519041999, 9537300332, 9558152300, 11076328500
1, 5, 8662592284, 8687172513, 8720666844, 8745691492, 8754415537, 8778904310, 8781376480, 8807702947, 8817404428, 8842336191, 8849682680, 8877886853, 8898332985, 8923323337, 8933137709, 8961907766, 8981672265, 9005036415, 9012625834, 9042942069, 9059332699, 9084062973, 9098372979, 9124788044, 9148812392, 9171439178, 9185359067, 9210650938, 9232591804, 9256826215, 9267753778, 9292991347, 9311839857, 9333970780, 9344122396, 9368591163, 9386725173, 9409510578, 9420089465, 9446127274, 11076328500
1, 6, 8754416966, 8779197255, 8817405857, 8842273315, 8849684109, 8878109777, 8898334414, 8923536258, 8933139138, 8961171831, 8981673694, 9005853803, 9012627263, 9042506224, 9059334128, 9085240469, 9098374408, 9128794960, 9148813821, 9172269427, 9185360496, 9211531202, 9232593233, 9256650448, 11076328500
1, 7, 8933140567, 8964890089, 9012628692, 9046257349, 9059335557, 9085093282, 9098375837, 9126897248, 11076328500
2, 0, 8198557401, 8212711646, 8215658244, 8229030826, 8232680492, 8246737565, 8252074880, 8266533502, 8269694450, 8284387428, 8290490687, 8304776400, 8307617252, 8322831815, 8329137992, 8344192507, 8348849618, 8364638639, 8373392693, 8388913062, 8395267825, 8411261193, 8423769230, 8440008386, 8446310276, 8462679471, 8477866883, 8494343253, 8503313086, 8521285619, 8534918279, 8551467528, 8556739109, 8575104617, 8585140484, 8601308190, 8607884448, 8624755222, 8638260701, 8654599887, 8662585139, 8681640854, 8694680479, 8713078854, 8720659699, 8739378170, 8754408392, 8771672141, 8781369335, 8803151582, 8817397283, 8839126657, 8849675535, 8872639565, 8898325840, 8917533029, 8933130564, 8954031118, 8981665120, 9000463615, 9012618689, 9033977952, 9059325554, 9078322680, 9098365834, 9116236908, 9148805247, 9169654357, 9185351922, 9207205619, 9232584659, 9248340813, 9267746633, 9288494284, 9311832712, 9327487407, 9344115251, 9363562512, 9386718028, 9403215833, 9420082320, 9437816210, 9463025199, 9479918837, 9496612415, 9514906473, 9537294616, 9552767828, 9569122733, 9588935818, 9607154139, 9622441581, 9634718120, 9651160194, 9665593094, 9680374670, 9685989211, 9703147214, 9711256789, 9725972631, 9730649748, 9747923500, 9754042478, 9768782613, 9772828112, 9789092990, 9793925868, 9808811761, 9812071310, 9828320469, 9831484275, 9846147244, 9848006373, 9862795094, 9865994625, 9880550419, 9884973174, 9899138851, 9922424406, 9935894160, 11076328500
2, 1, 8290492116, 8305779558, 8307618681, 8323690644, 8329139421, 8345381435, 8348851047, 8365673235, 8373394122, 8389763317, 8395269254, 8412541577, 8423770659, 8440625714, 8446311705, 8463995580, 8477868312, 8497122658, 8503314515, 8524049305, 8534919708, 8554286945, 8556740538, 8578884322, 8585141913, 8604930705, 8607885877, 8629896764, 8638262130, 8658326719, 8662586568, 8687359712, 8694681908, 8715085170, 8720661128, 8740930064, 8754409821, 8773208316, 8781370764, 8804723482, 8817398712, 8840554228, 8849676964, 8874131441, 8898327269, 8918609066, 8933131993, 8954872799, 8981666549, 9002527091, 9012620118, 9038140629, 9059326983, 9079190083, 9098367263, 9119362131, 9148806676, 9170987614, 9185353351, 9208904700, 9232586088, 9249959870, 9267748062, 9289683212, 9311834141, 9329086458, 9344116680, 9365240158, 9386719457, 9404307589, 9420083749, 9442639085, 9463026628, 9483282703, 9496613844, 9518701897, 9537296045, 9554604093, 9569124162, 9591415133, 9607155568, 9623734826, 9634719549, 9652957876, 9665594523, 9682495306, 9685990640, 9703560195, 9711258218, 9728954954, 9730651177, 9748189294, 9754043907, 9768914081, 9772829541, 9789515974, 9793927297, 9809594853, 9812072739, 9828286173, 9831485704, 9847043227, 9865996054, 9880530413, 11076328500
2, 2, 8348852476, 8366239119, 8373395551, 8390283473, 8395270683, 8413457566, 8423772088, 8441118719, 8446313134, 8464580041, 8477869741, 8494974871, 8503315944, 8522204466, 8534921137, 8551687594, 8556741967, 8576179225, 8585143342, 8602205602, 8607887306, 8627381724, 8638263559, 8655717365, 8662587997, 8682741184, 8694683337, 8716599910, 8720662557, 8743453678, 8754411250, 8773809925, 8781372193, 8806845547, 8817400141, 8840669977, 8849678393, 8876689351, 8898328698, 8920511065, 8933133422, 8958073759, 8981667978, 9002962936, 9012621547, 9038287816, 9059328412, 9081569368, 9098368692, 9119930873, 9148808105, 9171650670, 9185354780, 9208688921, 9232587517, 9251628942, 9267749491, 9290276247, 9311835570, 9330861276, 9344118109, 9365263022, 9386720886, 9405903782, 9420085178, 9439765366, 9463028057, 9484207266, 9496615273, 9516176854, 9537297474, 9555109959, 9569125591, 9590104740, 9607156997, 9625965495, 9634720978, 9654782709, 9665595952, 9683368425, 9685992069, 9703755968, 9711259647, 9728917800, 9730652606, 9748622281, 9772830970, 9789338778, 11076328500
2, 3, 8477871170, 8496300983, 8503317373, 8522963265, 8534922566, 8553086585, 8556743396, 8577851155, 8585144771, 8604214776, 8607888735, 8629460919, 8638264988, 8657320703, 8662589426, 8683311355, 8694684766, 8717678805, 8720663986, 8746083038, 8754412679, 8776060600, 8781373622, 8808540341, 8817401570, 8842501955, 8849679822, 8878402722, 8898330127, 8921235568, 8933134851, 8961323305, 8981669407, 9006416829, 9012622976, 9042143258, 9059329841, 9083680001, 9098370121, 9121372734, 9148809534, 9173046803, 9185356209, 9210119350, 9232588946, 9253266576, 9267750920, 9291982473, 9311836999, 9332333146, 9344119538, 9366210449, 9386722315, 9408444544, 9420086607, 9441494456, 9463029486, 9484398752, 9496616702, 9517138571, 9537298903, 9556114546, 9569127020, 9590760651, 9607158426, 9626331319, 9634722407, 9654959905, 9665597381, 9683792838, 9711261076, 9729149298, 11076328500
2, 4, 8556744825, 8578344160, 8585146200, 8605426568, 8607890164, 8629709565, 8638266417, 8658132375, 8662590855, 8686392279, 8694686195, 8716848556, 8720665415, 8745339958, 8754414108, 8774651606, 8781375051, 8808043049, 8817402999, 8840762862, 8849681251, 8877895427, 8898331556, 8920905469, 8933136280, 8959548487, 8981670836, 9003331618, 9012624405, 9038989455, 9059331270, 9084991823, 9098371550, 9122813166, 9148810963, 9173944215, 9185357638, 9212007059, 9232590375, 9254368335, 9267752349, 9293747288, 9311838428, 9333773578, 9344120967, 9368146744, 9386723744, 9408414535, 9420088036, 9443127803, 9463030915, 9484588809, 9496618131, 9519310651, 9569128449, 9591638057, 11076328500
2, 5, 8694687624, 8718111792, 8720666844, 8746384557, 8754415537, 8777295256, 8781376480, 8811481223, 8817404428, 8842850631, 8849682680, 8881953787, 8898332985, 8922794607, 8933137709, 8961491927, 8981672265, 9007359969, 9012625834, 9043733735, 9059332699, 9085860655, 9098372979, 9123219002, 9148812392, 9174374344, 9185359067, 9211261121, 9232591804, 9255175720, 9267753778, 9293527222, 9311839857, 9334203707, 9344122396, 9368918404, 9386725173, 9408834661, 9463032344, 9485210424, 11076328500
2, 6, 8781377909, 8810273718, 8817405857, 8843094990, 8849684109, 8881422199, 8898334414, 8923503391, 8933139138, 8961830600, 8981673694, 9006838384, 9012627263, 9042574816, 9059334128, 9085770628, 9098374408, 9123827756, 9148813821, 9174507241, 9185360496, 9213071664, 9267755207, 9294097393, 11076328500
2, 7, 8981675123, 9007832968, 9012628692, 9045499979, 9059335557, 9086277923, 9148815250, 9175094560, 11076328500
3, 0, 8198557401, 8212824537, 8232680492, 8247003359, 8252074880, 8265937609, 8269694450, 8284270250, 8290490687, 8305353716, 8307617252, 8323380551, 8329137992, 8344281105, 8348849618, 8365025898, 8373392693, 8387845599, 8395267825, 8411216894, 8423769230, 8439491088, 8446310276, 8463062443, 8477866883, 8493805949, 8503313086, 8519938072, 8534918279, 8551298906, 8556739109, 8575388988, 8585140484, 8600933792, 8607884448, 8626271391, 8638260701, 8655322961, 8662585139, 8679868894, 8694680479, 8711586978, 8720659699, 8740479929, 8754408392, 8772292327, 8781369335, 8800443627, 8817397283, 8835707060, 8849675535, 8871736437, 8898325840, 8918840564, 8933130564, 8951826171, 8981665120, 9002835755, 9012618689, 9034988255, 9059325554, 9077458135, 9098365834, 9118567607, 9148805247, 9167073583, 9185351922, 9207667186, 9232584659, 9249016730, 9267746633, 9289175917, 9311832712, 9327974696, 9344115251, 9363804013, 9386718028, 9403928904, 9420082320, 9439240923, 9463025199, 9478791356, 9496612415, 9514163393, 9537294616, 9554919902, 9569122733, 9588325635, 9607154139, 9622938873, 9634718120, 9651930425, 9665593094, 9680750497, 9685989211, 9703062903, 9711256789, 9726981505, 9730649748, 9746930345, 9754042478, 9769517119, 9772828112, 9788965809, 9793925868, 9809261896, 9812071310, 9827263009, 9831484275, 9846270138, 9848006373, 9862980864, 9865994625, 9880314634, 9884973174, 9899583270, 9904984890, 9918883344, 9922424406, 9936258555, 11076328500
3, 1, 8252076309, 8266896468, 8290492116, 8305906739, 8307618681, 8323787816, 8329139421, 8343866695, 8348851047, 8365683238, 8373394122, 8389714731, 8395269254, 8412604453, 8423770659, 8441977548, 8446311705, 8464191353, 8477868312, 8496225246, 8503314515, 8523652043, 8534919708, 8554404123, 8556740538, 8579485931, 8585141913, 8604566310, 8607885877, 8629705278, 8638262130, 8657509331, 8662586568, 8683724336, 8694681908, 8713287488, 8720661128, 8744116734, 8754409821, 8774448688, 8781370764, 8803638871, 8817398712, 8836680209, 8849676964, 8872343762, 8898327269, 8922070104, 8933131993, 8953718167, 8981666549, 9004173299, 9012620118, 9036168609, 9059326983, 9080886306, 9098367263, 9119399285, 9148806676, 9169075612, 9185353351, 9209181926, 9232586088, 9251468894, 9267748062, 9291426592, 9311834141, 9331650084, 9344116680, 9365171566, 9386719457, 9405486514, 9420083749, 9441951736, 9463026628, 9483208395, 9496613844, 9518611870, 9537296045, 9558641018, 9569124162, 9591616622, 9607155568, 9624610803, 9634719549, 9653277972, 9665594523, 9683111205, 9685990640, 9703372996, 9711258218, 9728301901, 9730651177, 9747974944, 9754043907, 9771110454, 9772829541, 9789711747, 9793927297, 9809929239, 9812072739, 9828028953, 9831485704, 9847053230, 11076328500
3, 2, 8348852476, 8366084787, 8395270683, 8413564741, 8423772088, 8441065846, 8446313134, 8465015886, 8477869741, 8494734799, 8503315944, 8521498540, 8534921137, 8551454667, 8556741967, 8576160648, 8585143342, 8601202444, 8607887306, 8627594645, 8638263559, 8659352741, 8662587997, 8680224715, 8694683337, 8715053732, 8720662557, 8745389973, 8754411250, 8775609036, 8781372193, 8804333365, 8817400141, 8836844544, 8849678393, 8875183185, 8898328698, 8923304760, 8933133422, 8954023973, 8981667978, 9004772050, 9012621547, 9036611599, 9059328412, 9081013487, 9098368692, 9121238408, 9148808105, 9169562901, 9185354780, 9209387702, 9232587517, 9252865027, 9267749491, 9292279705, 9311835570, 9332271699, 9344118109, 9366639149, 9386720886, 9407042695, 9420085178, 9440255513, 9463028057, 9480899131, 9496615273, 9515792453, 9537297474, 9557587845, 9569125591, 9589994707, 9607156997, 9625382463, 9634720978, 9653788125, 9665595952, 9683930022, 9685992069, 9705209261, 9711259647, 9728510535, 9730652606, 9748895220, 9754045336, 9770890388, 9772830970, 9789721750, 11076328500
3, 3, 8423773517, 8441814642, 8477871170, 8495293538, 8503317373, 8522843229, 8534922566, 8553592451, 8556743396, 8577846868, 8585144771, 8603578871, 8607888735, 8628613522, 8638264988, 8660461645, 8662589426, 8683308497, 8694684766, 8717161507, 8720663986, 8746370267, 8754412679, 8777390999, 8781373622, 8807707234, 8817401570, 8838965180, 8849679822, 8877563899, 8898330127, 8924565138, 8933134851, 8957576467, 8981669407, 9007618618, 9012622976, 9039226669, 9059329841, 9082996939, 9098370121, 9122247282, 9148809534, 9171364870, 9185356209, 9210352277, 9232588946, 9254389770, 9267750920, 9292881314, 9311836999, 9333823593, 9344119538, 9367665171, 9386722315, 9408443115, 9420086607, 9441548758, 9463029486, 9481753673, 9496616702, 9516668430, 9537298903, 9558260904, 9569127020, 9590333380, 9607158426, 9625632538, 9634722407, 9654849872, 9665597381, 9684295846, 11076328500
3, 4, 8556744825, 8578825733, 8607890164, 8629516650, 8638266417, 8659635683, 8662590855, 8685573462, 8694686195, 8716597052, 8720665415, 8745587175, 8754414108, 8776640774, 8781375051, 8804974986, 8817402999, 8836857405, 8849681251, 8876246361, 8898331556, 8923809197, 8933136280, 8954425522, 8981670836, 9004987829, 9012624405, 9037870548, 9059331270, 9084157287, 9098371550, 9125022400, 9148810963, 9173189703, 9185357638, 9213081667, 9232590375, 9256024546, 9267752349, 9294193136, 9311838428, 9334130828, 9344120967, 9368591163, 9386723744, 9408898966, 9420088036, 9443067785, 9463030915, 9483917179, 9496618131, 9519236343, 9537300332, 9558538130, 9569128449, 9591480867, 11076328500
3, 5, 8638267846, 8660538811, 8694687624, 8718180384, 8720666844, 8746773245, 8754415537, 8777806838, 8781376480, 8807903007, 8817404428, 8840041217, 8849682680, 8878148360, 8898332985, 8925946981, 8933137709, 8959815710, 8981672265, 9008883283, 9012625834, 9040624231, 9059332699, 9086090724, 9098372979, 9124808050, 9148812392, 9173254008, 9185359067, 9215489532, 9232591804, 9255835918, 9267753778, 9297165456, 9311839857, 9334768162, 9344122396, 9369888695, 9386725173, 9409660623, 11076328500
3, 6, 8781377909, 8807897291, 8849684109, 8878524187, 8898334414, 8924529413, 8933139138, 8959809994, 8981673694, 9008474589, 9012627263, 9040244117, 9059334128, 9085694891, 9098374408, 9126339938, 9148813821, 9173752729, 9185360496, 9216779919, 9232593233, 9256116002, 9267755207, 9295806477, 11076328500
3, 7, 8898335843, 8926022718, 8981675123, 9009299122, 9012628692, 9041365882, 9059335557, 9085874945, 11076328500

total kernel time (ticks) = 1557665270

