spa frequency: 0.69979 GHz
spa period: 1429 ticks
kernel times (ticks):
start, end, start, end, ..., exit
13884439797, 13980131323, 14322116775, 14468283439, 45562786000

shader CTA times (ticks):
shader, CTA ID, start, end, start, end, ..., exit
0, 0, 13884688443, 13895783199, 13895783199, 13902365173, 13902365173, 13910424733, 13910424733, 13918435707, 13918435707, 13926679608, 13926679608, 13935026397, 13935026397, 13943135972, 13943135972, 13951801428, 13951801428, 13960426872, 13960426872, 13968007717, 13968007717, 13976761771, 14322365421, 14333924602, 14333924602, 14343829001, 14343829001, 14350668195, 14350668195, 14362050180, 14362050180, 14373497899, 14373497899, 14385004207, 14385004207, 14401907848, 14401907848, 14411903703, 14411903703, 14422532605, 14422532605, 14435515070, 14435515070, 14443205948, 14443205948, 14454279269, 14454279269, 14463823560, 14463823560, 14467601836, 45562786000
0, 1, 13884689872, 13895981830, 13895981830, 13903832756, 13903832756, 13911930899, 13911930899, 13919771822, 13919771822, 13927699914, 13927699914, 13936841227, 13936841227, 13944383489, 13944383489, 13953071809, 13953071809, 13961973050, 13961973050, 13970125495, 13970125495, 13978047871, 14322366850, 14333924602, 14333926031, 14349416391, 14349416391, 14361591471, 14361591471, 14373103495, 14373103495, 14386330319, 14386330319, 14394352725, 14394352725, 14403089631, 14403089631, 14411985156, 14411985156, 14422165352, 14422165352, 14429326071, 14429326071, 14442968734, 14442968734, 14454139227, 14454139227, 14463690663, 14463690663, 14467557537, 45562786000
0, 2, 13884691301, 13896553430, 13896553430, 13903938502, 13903938502, 13912230989, 13912230989, 13921266556, 13921266556, 13930002033, 13930002033, 13937778651, 13937778651, 13946388376, 13946388376, 13953982082, 13953982082, 13962697553, 13962697553, 13971381586, 13971381586, 13978998156, 14322368279, 14334171819, 14334171819, 14349549288, 14349549288, 14361674353, 14361674353, 14373216386, 14373216386, 14385465774, 14385465774, 14394289849, 14394289849, 14405407469, 14405407469, 14409127156, 14409127156, 14424137372, 14424137372, 14436128111, 14436128111, 14444403450, 14444403450, 14454409308, 14454409308, 14463866430, 45562786000
0, 3, 13884692730, 13897142178, 13897142178, 13906282062, 13906282062, 13914035816, 13914035816, 13923124256, 13923124256, 13930796557, 13930796557, 13938971866, 13938971866, 13947534434, 13947534434, 13955732607, 13955732607, 13964130840, 13964130840, 13972429043, 13972429043, 13980018462, 14322369708, 14333960327, 14333960327, 14349200612, 14349200612, 14361445713, 14361445713, 14370442697, 14370442697, 14374068070, 14374068070, 14388133717, 14388133717, 14399438536, 14399438536, 14412872565, 14412872565, 14429131727, 14429131727, 14437151275, 14437151275, 14450450978, 14450450978, 14455336729, 14455336729, 14466614397, 45562786000
0, 4, 13884694159, 13897879542, 13897879542, 13907228060, 13907228060, 13915289049, 13915289049, 13923680137, 13923680137, 13932064080, 13932064080, 13941238260, 13941238260, 13948914848, 13948914848, 13957518857, 13957518857, 13966261479, 13966261479, 13973540805, 14322371137, 14334481912, 14334481912, 14349633599, 14349633599, 14361830114, 14361830114, 14373320703, 14373320703, 14383139362, 14383139362, 14393416730, 14393416730, 14406476361, 14406476361, 14418912948, 14418912948, 14429224612, 14429224612, 14442325684, 14442325684, 14454080638, 14454080638, 14464405163, 45562786000
0, 5, 13884695588, 13898142478, 13898142478, 13907450984, 13907450984, 13916916680, 13916916680, 13925296336, 13925296336, 13933851759, 13933851759, 13941676963, 13941676963, 13950290975, 13950290975, 13958856401, 13958856401, 13967360380, 13967360380, 13975884365, 45562786000
1, 0, 13884688443, 13895796060, 13895796060, 13902310871, 13902310871, 13910160368, 13910160368, 13917958421, 13917958421, 13926778209, 13926778209, 13934942086, 13934942086, 13943263153, 13943263153, 13951647096, 13951647096, 13960388289, 13960388289, 13968966576, 13968966576, 13976208748, 14322365421, 14333916028, 14333916028, 14343846149, 14343846149, 14350007997, 14350007997, 14362054467, 14362054467, 14373577923, 14373577923, 14386701859, 14386701859, 14400350238, 14400350238, 14416490793, 14416490793, 14424234544, 14424234544, 14436319597, 14436319597, 14448660441, 14448660441, 14460638319, 14460638319, 14467721872, 45562786000
1, 1, 13884689872, 13895996120, 13895996120, 13902680982, 13902680982, 13910821995, 13910821995, 13919058751, 13919058751, 13927881397, 13927881397, 13935279330, 13935279330, 13943357467, 13943357467, 13952384460, 13952384460, 13960468313, 13960468313, 13969180926, 13969180926, 13977799225, 14322366850, 14334453332, 14334453332, 14349434968, 14349434968, 14361792960, 14361792960, 14373162084, 14373162084, 14388609574, 14388609574, 14400058722, 14400058722, 14415726278, 14415726278, 14424234544, 14424235973, 14436438204, 14436438204, 14450239486, 14450239486, 14460828376, 14460828376, 14468126279, 45562786000
1, 2, 13884691301, 13896256198, 13896256198, 13904184290, 13904184290, 13912179545, 13912179545, 13920813563, 13920813563, 13928351538, 13928351538, 13937087015, 13937087015, 13945496680, 13945496680, 13954066393, 13954066393, 13962919048, 13962919048, 13970702811, 13970702811, 13978830963, 14322368279, 14333940321, 14333940321, 14349329222, 14349329222, 14361634341, 14361634341, 14373636512, 14373636512, 14385390037, 14385390037, 14400683195, 14400683195, 14416239289, 14416239289, 14424060206, 14424060206, 14435536505, 14435536505, 14443294546, 14443294546, 14454102073, 14454102073, 14464585217, 45562786000
1, 3, 13884692730, 13897132175, 13897132175, 13905841930, 13905841930, 13913577107, 13913577107, 13922013923, 13922013923, 13930149220, 13930149220, 13938284517, 13938284517, 13946741339, 13946741339, 13955301049, 13955301049, 13963752155, 13963752155, 13972374741, 13972374741, 13979774103, 14322369708, 14333927460, 14333927460, 14349200612, 14349200612, 14361557175, 14361557175, 14373422162, 14373422162, 14383139362, 14383139362, 14393389579, 14393389579, 14409210038, 14409210038, 14418417085, 14418417085, 14424408882, 14424408882, 14436156691, 14436156691, 14443628932, 14443628932, 14454203532, 14454203532, 14463552050, 14463552050, 14468183439, 45562786000
1, 4, 13884694159, 13897600887, 13897600887, 13906540711, 13906540711, 13915183303, 13915183303, 13923730152, 13923730152, 13932091231, 13932091231, 13940142217, 13940142217, 13948534734, 13948534734, 13957050145, 13957050145, 13965518399, 13965518399, 13974105260, 14322371137, 14334634815, 14334634815, 14349583584, 14349583584, 14361950150, 14361950150, 14373299268, 14373299268, 14383342280, 14383342280, 14399927254, 14399927254, 14412858275, 14412858275, 14429214609, 14429214609, 14437119837, 14437119837, 14450398105, 14450398105, 14460691192, 14460691192, 14467774745, 45562786000
1, 5, 13884695588, 13899115627, 13899115627, 13908176916, 13908176916, 13916390808, 13916390808, 13924416072, 13924416072, 13933002933, 13933002933, 13941854159, 13941854159, 13950170939, 13950170939, 13958300520, 13958300520, 13967013133, 13967013133, 13975697166, 45562786000
2, 0, 13884688443, 13895646015, 13895646015, 13901853591, 13901853591, 13910033187, 13910033187, 13917629751, 13917629751, 13926598155, 13926598155, 13934827766, 13934827766, 13942492922, 13942492922, 13951442749, 13951442749, 13959329400, 13959329400, 13967360380, 13967360380, 13976464539, 14322365421, 14333913170, 14333913170, 14343943321, 14343943321, 14349983704, 14349983704, 14362068757, 14362068757, 14373495041, 14373495041, 14385830169, 14385830169, 14394276988, 14394276988, 14404182816, 14404182816, 14412042316, 14412042316, 14429093144, 14429093144, 14441028152, 14441028152, 14450941125, 14450941125, 14460771216, 14460771216, 14467766171, 45562786000
2, 1, 13884689872, 13895837501, 13895837501, 13902505215, 13902505215, 13911996633, 13911996633, 13919957592, 13919957592, 13928458713, 13928458713, 13936462542, 13936462542, 13944980811, 13944980811, 13953379044, 13953379044, 13961238544, 13961238544, 13969418140, 13969418140, 13977097586, 14322366850, 14334460477, 14334460477, 14349163458, 14349163458, 14361705791, 14361705791, 14373422162, 14373422162, 14393413872, 14393413872, 14408524118, 14408524118, 14424287417, 14424287417, 14436100960, 14436100960, 14444382015, 14444382015, 14454459323, 14454459323, 14466735862, 45562786000
2, 2, 13884691301, 13896574865, 13896574865, 13904258598, 13904258598, 13912375318, 13912375318, 13920396295, 13920396295, 13928551598, 13928551598, 13937835811, 13937835811, 13945841069, 13945841069, 13953647696, 13953647696, 13963239144, 13963239144, 13970534189, 13970534189, 13978353677, 14322368279, 14333927460, 14333927460, 14349412104, 14349412104, 14361747232, 14361747232, 14373144936, 14373144936, 14386591826, 14386591826, 14394362728, 14394362728, 14403043903, 14403043903, 14412076612, 14412076612, 14429314639, 14429314639, 14442294246, 14442294246, 14454729404, 14454729404, 14463750681, 14463750681, 14467811899, 45562786000
2, 3, 13884692730, 13897066441, 13897066441, 13905270330, 13905270330, 13914181574, 13914181574, 13922475490, 13922475490, 13930576491, 13930576491, 13938155907, 13938155907, 13947420114, 13947420114, 13955151004, 13955151004, 13963599252, 13963599252, 13972450478, 13972450478, 13978778090, 14322369708, 14334576226, 14334576226, 14349287781, 14349287781, 14361561462, 14361561462, 14370565591, 14370565591, 14381093034, 14381093034, 14388683882, 14388683882, 14399957263, 14399957263, 14412468158, 14412468158, 14429614729, 14429614729, 14437599981, 14437599981, 14450851098, 14450851098, 14460638319, 14460638319, 14467683289, 45562786000
2, 4, 13884694159, 13897646615, 13897646615, 13906683611, 13906683611, 13916053564, 13916053564, 13923242863, 13923242863, 13932001204, 13932001204, 13940400866, 13940400866, 13949019165, 13949019165, 13957050145, 13957050145, 13964915361, 13964915361, 13973136398, 14322371137, 14334741990, 14334741990, 14349576439, 14349576439, 14361910138, 14361910138, 14373273546, 14373273546, 14385491496, 14385491496, 14393030900, 14393030900, 14405451768, 14405451768, 14412313826, 14412313826, 14429424672, 14429424672, 14437241302, 14437241302, 14450268066, 14450268066, 14460535431, 14460535431, 14467597549, 45562786000
2, 5, 13884695588, 13898926999, 13898926999, 13908491296, 13908491296, 13916475119, 13916475119, 13925074841, 13925074841, 13933390192, 13933390192, 13941785567, 13941785567, 13949949444, 13949949444, 13958060448, 13958060448, 13967086012, 13967086012, 13974998385, 45562786000
3, 0, 13884688443, 13895567420, 13895567420, 13901654960, 13901654960, 13909864565, 13909864565, 13917808376, 13917808376, 13925987972, 13925987972, 13934929225, 13934929225, 13942550082, 13942550082, 13950693953, 13950693953, 13958729220, 13958729220, 13966857372, 13966857372, 13975319910, 14322365421, 14343384582, 14343384582, 14350190909, 14350190909, 14361907280, 14361907280, 14373239250, 14373239250, 14385407185, 14385407185, 14401919280, 14401919280, 14412008020, 14412008020, 14419627448, 14419627448, 14429408953, 14429408953, 14444774990, 14444774990, 14454213535, 14454213535, 14463727817, 14463727817, 14467516096, 45562786000
3, 1, 13884689872, 13896083289, 13896083289, 13903345467, 13903345467, 13910611932, 13910611932, 13918591468, 13918591468, 13927469845, 13927469845, 13935172155, 13935172155, 13943734723, 13943734723, 13952373028, 13952373028, 13960768403, 13960768403, 13968979437, 13968979437, 13976984695, 14322366850, 14333914599, 14333914599, 14343923315, 14343923315, 14350292368, 14350292368, 14362111627, 14362111627, 14373753690, 14373753690, 14385897332, 14385897332, 14398965537, 14398965537, 14408475532, 14408475532, 14418584278, 14418584278, 14425373457, 14425373457, 14436093815, 14436093815, 14443373141, 14443373141, 14454087783, 14454087783, 14464595220, 45562786000
3, 2, 13884691301, 13896476264, 13896476264, 13903792744, 13903792744, 13911592226, 13911592226, 13920893587, 13920893587, 13928850259, 13928850259, 13937417114, 13937417114, 13944667860, 13944667860, 13953720575, 13953720575, 13961588649, 13961588649, 13970149788, 13970149788, 13977939267, 14322368279, 14334360447, 14334360447, 14349342083, 14349342083, 14361587184, 14361587184, 14373144936, 14373144936, 14386308884, 14386308884, 14394291278, 14394291278, 14403046761, 14403046761, 14412142346, 14412142346, 14429673318, 14429673318, 14442049887, 14442049887, 14454812286, 14454812286, 14466598678, 45562786000
3, 3, 13884692730, 13897130746, 13897130746, 13905161726, 13905161726, 13913105537, 13913105537, 13921918180, 13921918180, 13929724807, 13929724807, 13938498867, 13938498867, 13946909961, 13946909961, 13955225312, 13955225312, 13963334887, 13963334887, 13971111505, 13971111505, 13978925277, 14322369708, 14333927460, 14333927460, 14349337796, 14349337796, 14361424278, 14361424278, 14374028058, 14374028058, 14387184861, 14387184861, 14398156723, 14398156723, 14408362641, 14408362641, 14419195890, 14419195890, 14429246047, 14429246047, 14437105547, 14437105547, 14443617500, 14443617500, 14454517912, 14454517912, 14466664412, 45562786000
3, 4, 13884694159, 13897479422, 13897479422, 13906544998, 13906544998, 13914981814, 13914981814, 13922645541, 13922645541, 13931305281, 13931305281, 13939440578, 13939440578, 13948416127, 13948416127, 13956561427, 13956561427, 13964430930, 13964430930, 13973233570, 14322371137, 14334504776, 14334504776, 14349467835, 14349467835, 14361690072, 14361690072, 14373456458, 14373456458, 14393143791, 14393143791, 14405684695, 14405684695, 14412711088, 14412711088, 14429420385, 14429420385, 14444853585, 14444853585, 14454317852, 14454317852, 14463854998, 45562786000
3, 5, 13884695588, 13898469719, 13898469719, 13907582452, 13907582452, 13916392237, 13916392237, 13924190290, 13924190290, 13933048661, 13933048661, 13940951031, 13940951031, 13949160636, 13949160636, 13958167623, 13958167623, 13966127153, 13966127153, 13974758313, 45562786000

total kernel time (ticks) = 241858190

