spa frequency: 0.69979 GHz
spa period: 1429 ticks
kernel times (ticks):
start, end, start, end, ..., exit
13670274138, 13764432347, 14058712063, 14160448259, 35744799500

shader CTA times (ticks):
shader, CTA ID, start, end, start, end, ..., exit
0, 0, 13670522784, 13680372881, 13680372881, 13686730502, 13686730502, 13694502833, 13694502833, 13702955368, 13702955368, 13710771998, 13710771998, 13718787259, 13718787259, 13727092607, 13727092607, 13735683755, 13735683755, 13743817623, 13743817623, 13751964352, 13751964352, 13760582651, 14058960709, 14067536138, 14067536138, 14074286734, 14074286734, 14081354568, 14081354568, 14085340049, 14085340049, 14091413299, 14091413299, 14101119067, 14101119067, 14110527603, 14110527603, 14118485704, 14118485704, 14126513826, 14126513826, 14135084968, 14135084968, 14143528929, 14143528929, 14151995754, 14151995754, 14159918130, 35744799500
0, 1, 13670524213, 13680968774, 13680968774, 13688445302, 13688445302, 13696054727, 13696054727, 13703832774, 13703832774, 13712472508, 13712472508, 13720220546, 13720220546, 13728494456, 13728494456, 13737174202, 13737174202, 13745330934, 13745330934, 13753686297, 13753686297, 13761391465, 14058962138, 14067234619, 14067234619, 14073147821, 14073147821, 14079544025, 14079544025, 14083449482, 14083449482, 14091154650, 14091154650, 14100890427, 14100890427, 14110053175, 14110053175, 14116793768, 14116793768, 14125957945, 14125957945, 14134334743, 14134334743, 14143000199, 14143000199, 14151817129, 14151817129, 14159376539, 35744799500
0, 2, 13670525642, 13681241713, 13681241713, 13689181237, 13689181237, 13696829245, 13696829245, 13705068859, 13705068859, 13713927230, 13713927230, 13721795304, 13721795304, 13730345011, 13730345011, 13738648930, 13738648930, 13747142906, 13747142906, 13755438251, 13755438251, 13762647556, 14058963567, 14067656174, 14067656174, 14074402483, 14074402483, 14081476033, 14081476033, 14087410670, 14087410670, 14091831996, 14091831996, 14101470601, 14101470601, 14111452166, 14111452166, 14119893269, 14119893269, 14128268638, 14128268638, 14137602866, 14137602866, 14145578115, 14145578115, 14153343301, 14153343301, 14160119619, 35744799500
0, 3, 13670527071, 13681931920, 13681931920, 13690383026, 13690383026, 13698142496, 13698142496, 13706364962, 13706364962, 13714720325, 13714720325, 13723647288, 13723647288, 13731849748, 13731849748, 13739191950, 13739191950, 13747563032, 13747563032, 13755802646, 13755802646, 13763612131, 14058964996, 14067881956, 14067881956, 14074646842, 14074646842, 14082446324, 14082446324, 14090054320, 14090054320, 14096240461, 14096240461, 14102315140, 14102315140, 14111582205, 14111582205, 14120394848, 14120394848, 14129110319, 14129110319, 14138335943, 14138335943, 14146075407, 14146075407, 14154762298, 14154762298, 14160348259, 35744799500
0, 4, 13670528500, 13682579257, 13682579257, 13690711696, 13690711696, 13700474624, 13700474624, 13707772527, 13707772527, 13716197911, 13716197911, 13724178876, 13724178876, 13732727154, 13732727154, 13740660962, 13740660962, 13749586496, 13749586496, 13757618905, 14058966425, 14068159182, 14068159182, 14074955506, 14074955506, 14082547783, 14082547783, 14090171498, 14090171498, 14097120725, 14097120725, 14102562357, 14102562357, 14112088071, 14112088071, 14120959303, 14120959303, 14130116335, 14130116335, 14139127609, 14139127609, 14148540432, 14148540432, 14155145270, 35744799500
0, 5, 13670529929, 13683290899, 13683290899, 13692532242, 13692532242, 13700604663, 13700604663, 13709427309, 13709427309, 13717625482, 13717625482, 13725639314, 13725639314, 13734214743, 13734214743, 13742245723, 13742245723, 13750765421, 13750765421, 13758856419, 35744799500
1, 0, 13670522784, 13680452905, 13680452905, 13686976290, 13686976290, 13694548561, 13694548561, 13702620982, 13702620982, 13710694832, 13710694832, 13718492885, 13718492885, 13727058311, 13727058311, 13735950978, 13735950978, 13744609289, 13744609289, 13753024670, 13753024670, 13761238562, 14058960709, 14067070284, 14067070284, 14072609088, 14072609088, 14076378790, 14076378790, 14083020782, 14083020782, 14091166082, 14091166082, 14100883282, 14100883282, 14108691338, 14108691338, 14115999244, 14115999244, 14125522100, 14125522100, 14133151531, 14133151531, 14141009602, 14141009602, 14151598492, 14151598492, 14158690619, 35744799500
1, 1, 13670524213, 13680665826, 13680665826, 13687247800, 13687247800, 13695150170, 13695150170, 13703321192, 13703321192, 13712779743, 13712779743, 13721408045, 13721408045, 13729453315, 13729453315, 13737718651, 13737718651, 13745719622, 13745719622, 13754132145, 13754132145, 13762294593, 14058962138, 14067230332, 14067230332, 14072926326, 14072926326, 14079195349, 14079195349, 14083255138, 14083255138, 14091464743, 14091464743, 14101163366, 14101163366, 14110664787, 14110664787, 14118927265, 14118927265, 14127867089, 14127867089, 14135655139, 14135655139, 14144664984, 14144664984, 14152693106, 14152693106, 14159630901, 35744799500
1, 2, 13670525642, 13681404619, 13681404619, 13689579928, 13689579928, 13696934991, 13696934991, 13705740489, 13705740489, 13714400229, 13714400229, 13721855322, 13721855322, 13730839445, 13730839445, 13739449170, 13739449170, 13747463002, 13747463002, 13755033844, 13755033844, 13763246307, 14058963567, 14067651887, 14067651887, 14074381048, 14074381048, 14081390293, 14081390293, 14086341778, 14086341778, 14091709102, 14091709102, 14101446308, 14101446308, 14110960590, 14110960590, 14119648910, 14119648910, 14128244345, 14128244345, 14136894082, 14136894082, 14145269451, 14145269451, 14152957471, 14152957471, 14159886692, 35744799500
1, 3, 13670527071, 13681741863, 13681741863, 13690137238, 13690137238, 13698382568, 13698382568, 13707073746, 13707073746, 13714871799, 13714871799, 13723378636, 13723378636, 13732552816, 13732552816, 13739960752, 13739960752, 13749040618, 13749040618, 13756998719, 13756998719, 13764220885, 14058964996, 14067837657, 14067837657, 14074596827, 14074596827, 14081770407, 14081770407, 14089874266, 14089874266, 14092590795, 14092590795, 14101629220, 14101629220, 14111607927, 14111607927, 14120614914, 14120614914, 14129288944, 14129288944, 14138433115, 14138433115, 14147504407, 14147504407, 14154895195, 35744799500
1, 4, 13670528500, 13682200572, 13682200572, 13691008928, 13691008928, 13700118803, 13700118803, 13708321263, 13708321263, 13716280793, 13716280793, 13725047708, 13725047708, 13732904350, 13732904350, 13741442625, 13741442625, 13749858006, 13749858006, 13758759247, 14058966425, 14068020569, 14068020569, 14074986944, 14074986944, 14082689254, 14082689254, 14090218655, 14090218655, 14097742340, 14097742340, 14103691267, 14103691267, 14112315282, 14112315282, 14121012176, 14121012176, 14130326398, 14130326398, 14139283370, 14139283370, 14148830519, 14148830519, 14157596005, 35744799500
1, 5, 13670529929, 13683711025, 13683711025, 13693358204, 13693358204, 13701822171, 13701822171, 13709464463, 13709464463, 13718341411, 13718341411, 13726418119, 13726418119, 13734443383, 13734443383, 13743117413, 13743117413, 13751612818, 13751612818, 13759730967, 35744799500
2, 0, 13670522784, 13680300002, 13680300002, 13686664768, 13686664768, 13694567138, 13694567138, 13702886776, 13702886776, 13711670839, 13711670839, 13719871870, 13719871870, 13728075759, 13728075759, 13735755205, 13735755205, 13744033402, 13744033402, 13752297309, 13752297309, 13760348295, 14058960709, 14067054565, 14067054565, 14072710547, 14072710547, 14076460243, 14076460243, 14082930755, 14082930755, 14090986028, 14090986028, 14100723234, 14100723234, 14107961119, 14107961119, 14113931481, 14113931481, 14122414025, 14122414025, 14131691093, 14131691093, 14140049314, 14140049314, 14148709054, 14148709054, 14155268164, 35744799500
2, 1, 13670524213, 13680834448, 13680834448, 13687749379, 13687749379, 13696311947, 13696311947, 13704028547, 13704028547, 13712049524, 13712049524, 13720111942, 13720111942, 13728227233, 13728227233, 13737267087, 13737267087, 13745302354, 13745302354, 13753581980, 13753581980, 13761658688, 14058962138, 14067237477, 14067237477, 14073107809, 14073107809, 14079395409, 14079395409, 14083290863, 14083290863, 14091098919, 14091098919, 14100888998, 14100888998, 14108855673, 14108855673, 14116160721, 14116160721, 14125715015, 14125715015, 14133338730, 14133338730, 14141169650, 14141169650, 14151664226, 14151664226, 14158879247, 35744799500
2, 2, 13670525642, 13681307447, 13681307447, 13689149799, 13689149799, 13697075033, 13697075033, 13705201756, 13705201756, 13713672868, 13713672868, 13722216859, 13722216859, 13730239265, 13730239265, 13738656075, 13738656075, 13746868538, 13746868538, 13754962394, 13754962394, 13762913350, 14058963567, 14067643313, 14067643313, 14074362471, 14074362471, 14081410299, 14081410299, 14085407212, 14085407212, 14091656229, 14091656229, 14101177656, 14101177656, 14110704799, 14110704799, 14119234500, 14119234500, 14128050001, 14128050001, 14135828048, 14135828048, 14144913630, 14144913630, 14152827432, 14152827432, 14159890979, 35744799500
2, 3, 13670527071, 13681947639, 13681947639, 13690647391, 13690647391, 13698272535, 13698272535, 13707099468, 13707099468, 13715534855, 13715534855, 13723578696, 13723578696, 13731719709, 13731719709, 13740176531, 13740176531, 13748344695, 13748344695, 13756572877, 13756572877, 13763192005, 14058964996, 14067929113, 14067929113, 14074549670, 14074549670, 14081711818, 14081711818, 14088342378, 14088342378, 14092412170, 14092412170, 14101399151, 14101399151, 14110801971, 14110801971, 14119540306, 14119540306, 14128252919, 14128252919, 14137291344, 14137291344, 14145375197, 14145375197, 14153128951, 14153128951, 14159925275, 35744799500
2, 4, 13670528500, 13682314892, 13682314892, 13691080378, 13691080378, 13699980190, 13699980190, 13708601347, 13708601347, 13716906695, 13716906695, 13724974829, 13724974829, 13733577409, 13733577409, 13742075672, 13742075672, 13749942317, 13749942317, 13758301967, 14058966425, 14068094877, 14068094877, 14074862621, 14074862621, 14082562073, 14082562073, 14090197220, 14090197220, 14096333346, 14096333346, 14102372300, 14102372300, 14111612214, 14111612214, 14120832122, 14120832122, 14129673345, 14129673345, 14138394532, 14138394532, 14146226881, 14146226881, 14154945210, 35744799500
2, 5, 13670529929, 13683326624, 13683326624, 13693018102, 13693018102, 13701384897, 13701384897, 13709550203, 13709550203, 13718074188, 13718074188, 13726193766, 13726193766, 13734028973, 13734028973, 13742390052, 13742390052, 13750478192, 13750478192, 13759582351, 35744799500
3, 0, 13670522784, 13680415751, 13680415751, 13687050598, 13687050598, 13694495688, 13694495688, 13702423780, 13702423780, 13711292154, 13711292154, 13720109084, 13720109084, 13728305828, 13728305828, 13736158183, 13736158183, 13744690742, 13744690742, 13752723151, 13752723151, 13761364314, 14058960709, 14067067426, 14067067426, 14072164669, 14072164669, 14075299895, 14075299895, 14082926468, 14082926468, 14090541609, 14090541609, 14097926681, 14097926681, 14103746998, 14103746998, 14112491049, 14112491049, 14120913575, 14120913575, 14129859115, 14129859115, 14138424541, 14138424541, 14147331498, 14147331498, 14154912343, 35744799500
3, 1, 13670524213, 13680767285, 13680767285, 13687433570, 13687433570, 13695973274, 13695973274, 13703762753, 13703762753, 13712711151, 13712711151, 13721035076, 13721035076, 13729441883, 13729441883, 13738101623, 13738101623, 13746199766, 13746199766, 13754778053, 13754778053, 13762517517, 14058962138, 14067251767, 14067251767, 14073247851, 14073247851, 14079409699, 14079409699, 14083372316, 14083372316, 14091188946, 14091188946, 14100813261, 14100813261, 14108129741, 14108129741, 14114081526, 14114081526, 14122608369, 14122608369, 14131875434, 14131875434, 14140225081, 14140225081, 14148711912, 14148711912, 14157274480, 35744799500
3, 2, 13670525642, 13681200272, 13681200272, 13689394158, 13689394158, 13697872415, 13697872415, 13706217775, 13706217775, 13714204456, 13714204456, 13722576967, 13722576967, 13730622237, 13730622237, 13739453457, 13739453457, 13748104623, 13748104623, 13756312799, 13756312799, 13763849345, 14058963567, 14067639026, 14067639026, 14074361042, 14074361042, 14081413157, 14081413157, 14085400067, 14085400067, 14091479033, 14091479033, 14100977596, 14100977596, 14110058891, 14110058891, 14116859502, 14116859502, 14125883637, 14125883637, 14134051801, 14134051801, 14142717257, 14142717257, 14151834277, 14151834277, 14159589460, 35744799500
3, 3, 13670527071, 13681814742, 13681814742, 13689738547, 13689738547, 13698173934, 13698173934, 13706775085, 13706775085, 13715706335, 13715706335, 13724231749, 13724231749, 13732086962, 13732086962, 13740297996, 13740297996, 13748197508, 13748197508, 13757065882, 13757065882, 13764319486, 14058964996, 14067939116, 14067939116, 14074518232, 14074518232, 14081604643, 14081604643, 14088169469, 14088169469, 14092002047, 14092002047, 14101251964, 14101251964, 14110619059, 14110619059, 14118650039, 14118650039, 14126675303, 14126675303, 14135242158, 14135242158, 14143663255, 14143663255, 14151932878, 14151932878, 14159820958, 35744799500
3, 4, 13670528500, 13682799323, 13682799323, 13691414764, 13691414764, 13700151670, 13700151670, 13708335553, 13708335553, 13717159628, 13717159628, 13724803349, 13724803349, 13733820339, 13733820339, 13741745573, 13741745573, 13750508201, 13750508201, 13758466302, 14058966425, 14068170614, 14068170614, 14075085545, 14075085545, 14082563502, 14082563502, 14090185788, 14090185788, 14096314769, 14096314769, 14102342291, 14102342291, 14111479317, 14111479317, 14119843254, 14119843254, 14128150031, 14128150031, 14136716886, 14136716886, 14145049385, 14145049385, 14152735976, 14152735976, 14160003870, 35744799500
3, 5, 13670529929, 13683563838, 13683563838, 13692689432, 13692689432, 13701384897, 13701384897, 13709824571, 13709824571, 13717486869, 13717486869, 13726318089, 13726318089, 13734463389, 13734463389, 13743027386, 13743027386, 13751449912, 13751449912, 13760049634, 35744799500

total kernel time (ticks) = 195894405

